1671778579412848576
-0.08284550160169601
0.00545585248619318
0.0027200933545827866
0.0
0.0
0.0
1.0
1671778579512847552
-0.08292774856090546
0.005507833790034056
0.002731993095949292
0.0
0.0
0.0
1.0
1671778579612846528
-0.08302615582942963
0.005580870434641838
0.002745796227827668
0.0
0.0
0.0
1.0
1671778579712845504
-0.08314337581396103
0.005656080320477486
0.0027642459608614445
0.0
0.0
0.0
1.0
1671778579812844736
-0.0832839235663414
0.005761629436165094
0.0027856884989887476
0.0
0.0
0.0
1.0
1671778579913843712
-0.08344612270593643
0.005816004239022732
0.002803565701469779
0.0
0.0
0.0
1.0
1671778580013836544
-0.08364620059728622
0.0058660684153437614
0.0028494498692452908
0.0
0.0
0.0
1.0
1671778580112835264
-0.083858922123909
0.0059316447004675865
0.002911035204306245
0.0
0.0
0.0
1.0
1671778580212833984
-0.08410245180130005
0.005971579346805811
0.0029720307793468237
0.0
0.0
0.0
1.0
1671778580312832960
-0.08435774594545364
0.005994288716465235
0.003023833502084017
0.0
0.0
0.0
1.0
1671778580412832192
-0.08459383994340897
0.0059807635843753815
0.0030910372734069824
0.0
0.0
0.0
1.0
1671778580515831424
-0.08481203764677048
0.005961324088275433
0.003133212449029088
0.0
0.0
0.0
1.0
1671778580612824512
-0.08500851690769196
0.0058769648894667625
0.003158830339089036
0.0
0.0
0.0
1.0
1671778580712823488
-0.08516121655702591
0.005759932566434145
0.0031690001487731934
0.0
0.0
0.0
1.0
1671778580812822464
-0.08527496457099915
0.005583761725574732
0.0031664427369832993
0.0
0.0
0.0
1.0
1671778580912821440
-0.08533959090709686
0.005391171667724848
0.003142155008390546
0.0
0.0
0.0
1.0
1671778581012821440
-0.0853762999176979
0.005184692330658436
0.0031131335999816656
0.0
0.0
0.0
1.0
1671778581112816320
-0.08535811305046082
0.004973792005330324
0.003074393607676029
0.0
0.0
0.0
1.0
1671778581212815552
-0.0852830559015274
0.004750822205096483
0.003036003326997161
0.0
0.0
0.0
1.0
1671778581312814784
-0.08517530560493469
0.004537720698863268
0.002992012072354555
0.0
0.0
0.0
1.0
1671778581412814016
-0.08506569266319275
0.0043592387810349464
0.0029540685936808586
0.0
0.0
0.0
1.0
1671778581513813248
-0.08496841043233871
0.004184344317764044
0.002903693588450551
0.0
0.0
0.0
1.0
1671778581613806592
-0.08485826849937439
0.004037393722683191
0.002843954600393772
0.0
0.0
0.0
1.0
1671778581712805312
-0.08474256843328476
0.00394247705116868
0.0027933840174227953
0.0
0.0
0.0
1.0
1671778581812804544
-0.08460863679647446
0.0038294207770377398
0.002747255377471447
0.0
0.0
0.0
1.0
1671778581912803776
-0.08449547737836838
0.0037470879033207893
0.002695313887670636
0.0
0.0
0.0
1.0
1671778582012801472
-0.08446354418992996
0.0037148981355130672
0.0026344277430325747
0.0
0.0
0.0
1.0
1671778582113799936
-0.084477998316288
0.0037134273443371058
0.0025984530802816153
0.0
0.0
0.0
1.0
1671778582213799936
-0.08450215309858322
0.003716580104082823
0.0025968835689127445
0.0
0.0
0.0
1.0
1671778582315788928
-0.08452510088682175
0.003726548282429576
0.002616961020976305
0.0
0.0
0.0
1.0
1671778582413790208
-0.0844932571053505
0.0037369492929428816
0.0026657909620553255
0.0
0.0
0.0
1.0
1671778582512787904
-0.08446700870990753
0.0037564795929938555
0.0026944174896925688
0.0
0.0
0.0
1.0
1671778582612785600
-0.08444352447986603
0.0038118904922157526
0.0027193401474505663
0.0
0.0
0.0
1.0
1671778582712783296
-0.08441105484962463
0.003882771823555231
0.0027368469163775444
0.0
0.0
0.0
1.0
1671778582813780480
-0.0843891054391861
0.003927258774638176
0.0027532626409083605
0.0
0.0
0.0
1.0
1671778582913778176
-0.08433490246534348
0.003947226796299219
0.0027794556226581335
0.0
0.0
0.0
1.0
1671778583013770240
-0.08424917608499527
0.003954879939556122
0.002793676685541868
0.0
0.0
0.0
1.0
1671778583113765632
-0.08416738361120224
0.003987341187894344
0.0027939160354435444
0.0
0.0
0.0
1.0
1671778583213763072
-0.08410495519638062
0.004052942153066397
0.0028043477796018124
0.0
0.0
0.0
1.0
1671778583312760768
-0.08406960964202881
0.004106958396732807
0.002808131044730544
0.0
0.0
0.0
1.0
1671778583415759744
-0.08402586728334427
0.004116877447813749
0.002795211970806122
0.0
0.0
0.0
1.0
1671778583513759744
-0.08397625386714935
0.004101586528122425
0.002784937620162964
0.0
0.0
0.0
1.0
1671778583612752576
-0.08395672589540482
0.004065230954438448
0.0027875781524926424
0.0
0.0
0.0
1.0
1671778583712751552
-0.08396025002002716
0.0040123797953128815
0.0027926552575081587
0.0
0.0
0.0
1.0
1671778583812750528
-0.0839410349726677
0.003917202353477478
0.002772726584225893
0.0
0.0
0.0
1.0
1671778583912749248
-0.08390578627586365
0.0037983963266015053
0.002742668380960822
0.0
0.0
0.0
1.0
1671778584013749248
-0.08388053625822067
0.003685848554596305
0.0027133687399327755
0.0
0.0
0.0
1.0
1671778584112749248
-0.08386540412902832
0.0036034767981618643
0.002682524034753442
0.0
0.0
0.0
1.0
1671778584212747712
-0.08387428522109985
0.003568263491615653
0.00265537784434855
0.0
0.0
0.0
1.0
1671778584313746944
-0.08390778303146362
0.003530515357851982
0.0026370142586529255
0.0
0.0
0.0
1.0
1671778584412745920
-0.08395058661699295
0.0035067724529653788
0.0026150436606258154
0.0
0.0
0.0
1.0
1671778584513744896
-0.08398474752902985
0.003485410939902067
0.002612536773085594
0.0
0.0
0.0
1.0
1671778584613744896
-0.08403785526752472
0.0034797487314790487
0.002603677334263921
0.0
0.0
0.0
1.0
1671778584713743872
-0.08408324420452118
0.0035021009389311075
0.002594949910417199
0.0
0.0
0.0
1.0
1671778584812742848
-0.08411978930234909
0.003548004198819399
0.0025919615291059017
0.0
0.0
0.0
1.0
1671778584913744384
-0.08413315564393997
0.0035958443768322468
0.002579999156296253
0.0
0.0
0.0
1.0
1671778585012741824
-0.08413083106279373
0.003663782263174653
0.002584864618256688
0.0
0.0
0.0
1.0
1671778585112738752
-0.08413128554821014
0.003771360032260418
0.002565474947914481
0.0
0.0
0.0
1.0
1671778585213738752
-0.0841100886464119
0.0038831643760204315
0.002549324417486787
0.0
0.0
0.0
1.0
1671778585312735936
-0.08406800031661987
0.003993279300630093
0.002544058719649911
0.0
0.0
0.0
1.0
1671778585412733376
-0.08401671051979065
0.004119267221540213
0.0025516552850604057
0.0
0.0
0.0
1.0
1671778585512730304
-0.08398527652025223
0.004222252406179905
0.0025818583089858294
0.0
0.0
0.0
1.0
1671778585613728000
-0.0839659571647644
0.0043107690289616585
0.0026026288978755474
0.0
0.0
0.0
1.0
1671778585712721600
-0.08394340425729752
0.004390878137201071
0.0026114683132618666
0.0
0.0
0.0
1.0
1671778585813719296
-0.08391505479812622
0.0044355918653309345
0.002632351126521826
0.0
0.0
0.0
1.0
1671778585912716992
-0.08390028774738312
0.004494114778935909
0.0026632489170879126
0.0
0.0
0.0
1.0
1671778586012714688
-0.08386672288179398
0.004559183493256569
0.0027123026084154844
0.0
0.0
0.0
1.0
1671778586113711872
-0.08382663875818253
0.0045973449014127254
0.0027618128806352615
0.0
0.0
0.0
1.0
1671778586213704704
-0.08379748463630676
0.0046555097214877605
0.002793099032714963
0.0
0.0
0.0
1.0
1671778586312702400
-0.08376792818307877
0.004704453516751528
0.0027992285322397947
0.0
0.0
0.0
1.0
1671778586413699840
-0.08374381810426712
0.004751239437609911
0.0028026974759995937
0.0
0.0
0.0
1.0
1671778586512701376
-0.08374106884002686
0.004813604522496462
0.0028053063433617353
0.0
0.0
0.0
1.0
1671778586612699072
-0.08375034481287003
0.004847168456763029
0.0028013454284518957
0.0
0.0
0.0
1.0
1671778586713699072
-0.08375810086727142
0.004902285523712635
0.002808802295476198
0.0
0.0
0.0
1.0
1671778586813690368
-0.08376719057559967
0.005004790611565113
0.0028116446919739246
0.0
0.0
0.0
1.0
1671778586912687808
-0.08380090445280075
0.005134887993335724
0.002809052122756839
0.0
0.0
0.0
1.0
1671778587012685504
-0.08386904001235962
0.005266143009066582
0.002786042867228389
0.0
0.0
0.0
1.0
1671778587112682688
-0.08391081541776657
0.005377557594329119
0.0027697656769305468
0.0
0.0
0.0
1.0
1671778587213680128
-0.08390402793884277
0.0054861195385456085
0.00277648470364511
0.0
0.0
0.0
1.0
1671778587313680128
-0.083872951567173
0.005623567849397659
0.0027961963787674904
0.0
0.0
0.0
1.0
1671778587413677824
-0.08384747058153152
0.005754024256020784
0.0028299244586378336
0.0
0.0
0.0
1.0
1671778587512677056
-0.08382340520620346
0.005891687702387571
0.002878062892705202
0.0
0.0
0.0
1.0
1671778587612676288
-0.08380895853042603
0.0060222819447517395
0.0029300821479409933
0.0
0.0
0.0
1.0
1671778587712675520
-0.08380398899316788
0.006183810997754335
0.0029602369759231806
0.0
0.0
0.0
1.0
1671778587812673472
-0.08382681757211685
0.006311669945716858
0.002985757077112794
0.0
0.0
0.0
1.0
1671778587912672704
-0.08383803814649582
0.0063910093158483505
0.003007579827681184
0.0
0.0
0.0
1.0
1671778588012671680
-0.08380495011806488
0.006420365069061518
0.003033408895134926
0.0
0.0
0.0
1.0
1671778588112670144
-0.08377886563539505
0.0064234365709125996
0.003045512130483985
0.0
0.0
0.0
1.0
1671778588212661440
-0.0837550014257431
0.0064211655408144
0.003037764225155115
0.0
0.0
0.0
1.0
1671778588312660160
-0.08375738561153412
0.006415785755962133
0.003021017648279667
0.0
0.0
0.0
1.0
1671778588412659136
-0.08373338729143143
0.006369135808199644
0.0029624018352478743
0.0
0.0
0.0
1.0
1671778588512658112
-0.08371559530496597
0.006299293600022793
0.002888925140723586
0.0
0.0
0.0
1.0
1671778588612657088
-0.08370690792798996
0.006223445758223534
0.0028309521730989218
0.0
0.0
0.0
1.0
1671778588713656064
-0.08373358845710754
0.006131716072559357
0.0027877786196768284
0.0
0.0
0.0
1.0
1671778588813656064
-0.08379034698009491
0.006023833528161049
0.002741218777373433
0.0
0.0
0.0
1.0
1671778588912655040
-0.08385507762432098
0.005908042658120394
0.0027331551536917686
0.0
0.0
0.0
1.0
1671778589012653760
-0.08391410857439041
0.005769558250904083
0.002736877417191863
0.0
0.0
0.0
1.0
1671778589112652480
-0.08396795392036438
0.005639239214360714
0.0027527078054845333
0.0
0.0
0.0
1.0
1671778589213650944
-0.08401741087436676
0.005575756076723337
0.002784054260700941
0.0
0.0
0.0
1.0
1671778589313649920
-0.08408427983522415
0.0055254362523555756
0.002831361722201109
0.0
0.0
0.0
1.0
1671778589413649920
-0.08412063866853714
0.005456351675093174
0.0028992758598178625
0.0
0.0
0.0
1.0
1671778589513649920
-0.0841483473777771
0.005384066607803106
0.002994474256411195
0.0
0.0
0.0
1.0
1671778589612642496
-0.08418741822242737
0.005282523110508919
0.0030854889191687107
0.0
0.0
0.0
1.0
1671778589712641472
-0.0842403918504715
0.005147341173142195
0.003166933311149478
0.0
0.0
0.0
1.0
1671778589812639168
-0.08427690714597702
0.005027770064771175
0.0032396474853157997
0.0
0.0
0.0
1.0
1671778589912636864
-0.08428425341844559
0.004942399449646473
0.0032948339357972145
0.0
0.0
0.0
1.0
1671778590013634560
-0.08426281809806824
0.004877022467553616
0.0033607061486691236
0.0
0.0
0.0
1.0
1671778590113634560
-0.08423139154911041
0.0048110950738191605
0.0034169976133853197
0.0
0.0
0.0
1.0
1671778590213632256
-0.08420249819755554
0.004717021714895964
0.003458357183262706
0.0
0.0
0.0
1.0
1671778590313630208
-0.08416979014873505
0.004625469911843538
0.003490397473797202
0.0
0.0
0.0
1.0
1671778590413628160
-0.08407685905694962
0.004527518060058355
0.0035336248110979795
0.0
0.0
0.0
1.0
1671778590513628160
-0.08397035300731659
0.004468516446650028
0.0035855930764228106
0.0
0.0
0.0
1.0
1671778590613617152
-0.08387041836977005
0.004415932111442089
0.003600869094952941
0.0
0.0
0.0
1.0
1671778590713618688
-0.08377683907747269
0.004376359283924103
0.0036038600374013186
0.0
0.0
0.0
1.0
1671778590813616384
-0.08369463682174683
0.004377244506031275
0.0036154910922050476
0.0
0.0
0.0
1.0
1671778590912614080
-0.08361870050430298
0.0043710460886359215
0.003614251734688878
0.0
0.0
0.0
1.0
1671778591013611776
-0.08352924138307571
0.0043540410697460175
0.0036076174583286047
0.0
0.0
0.0
1.0
1671778591113613056
-0.08340095728635788
0.004328063689172268
0.0035894212778657675
0.0
0.0
0.0
1.0
1671778591213613056
-0.08327575773000717
0.004283747170120478
0.003526019398123026
0.0
0.0
0.0
1.0
1671778591313605888
-0.08317384868860245
0.004249834921211004
0.003469220595434308
0.0
0.0
0.0
1.0
1671778591413597952
-0.08310284465551376
0.004209225066006184
0.00341809936799109
0.0
0.0
0.0
1.0
1671778591512597184
-0.08308365941047668
0.004177165683358908
0.0033911101054400206
0.0
0.0
0.0
1.0
1671778591612596160
-0.08311358094215393
0.004177101422101259
0.003354292130097747
0.0
0.0
0.0
1.0
1671778591712595136
-0.08316712826490402
0.004175348207354546
0.0033074798993766308
0.0
0.0
0.0
1.0
1671778591812594112
-0.08326584845781326
0.004177870694547892
0.00329819368198514
0.0
0.0
0.0
1.0
1671778591912586176
-0.0834156796336174
0.004173705819994211
0.003276312490925193
0.0
0.0
0.0
1.0
1671778592012585152
-0.08358275890350342
0.004125190898776054
0.0032723438926041126
0.0
0.0
0.0
1.0
1671778592112583616
-0.0837768018245697
0.004033974837511778
0.0032636672258377075
0.0
0.0
0.0
1.0
1671778592212582336
-0.08396976441144943
0.003979146480560303
0.0032765744253993034
0.0
0.0
0.0
1.0
1671778592313581312
-0.08415809273719788
0.003951386082917452
0.003279640804976225
0.0
0.0
0.0
1.0
1671778592412580288
-0.0843619778752327
0.003937205765396357
0.0032790564000606537
0.0
0.0
0.0
1.0
1671778592513580288
-0.08454819023609161
0.00394465634599328
0.003272221190854907
0.0
0.0
0.0
1.0
1671778592613569280
-0.0847143828868866
0.003988201264292002
0.003287576138973236
0.0
0.0
0.0
1.0
1671778592713560832
-0.08487991243600845
0.004066706169396639
0.003321528434753418
0.0
0.0
0.0
1.0
1671778592813555968
-0.08503103256225586
0.004169987048953772
0.003362614894285798
0.0
0.0
0.0
1.0
1671778592912553664
-0.0851578563451767
0.004277692176401615
0.003413889091461897
0.0
0.0
0.0
1.0
1671778593013551360
-0.08527398854494095
0.0043910169042646885
0.0034562924411147833
0.0
0.0
0.0
1.0
1671778593112552896
-0.08536094427108765
0.004500505514442921
0.0034878430888056755
0.0
0.0
0.0
1.0
1671778593212554432
-0.08543724566698074
0.004638367798179388
0.003514893352985382
0.0
0.0
0.0
1.0
1671778593313552128
-0.08553064614534378
0.004823500756174326
0.0035142269916832447
0.0
0.0
0.0
1.0
1671778593413552128
-0.08560027182102203
0.005049960222095251
0.0035113091580569744
0.0
0.0
0.0
1.0
1671778593515552128
-0.08565926551818848
0.0052626957185566425
0.00352026941254735
0.0
0.0
0.0
1.0
1671778593612548544
-0.08568590879440308
0.005431399680674076
0.0035371403209865093
0.0
0.0
0.0
1.0
1671778593713546752
-0.08571168780326843
0.005620543844997883
0.00355372647754848
0.0
0.0
0.0
1.0
1671778593813545728
-0.08570880442857742
0.005823275540024042
0.0035770691465586424
0.0
0.0
0.0
1.0
1671778593913544448
-0.08567650616168976
0.006000204011797905
0.003597831353545189
0.0
0.0
0.0
1.0
1671778594012543424
-0.08562002331018448
0.00611793203279376
0.0036068472545593977
0.0
0.0
0.0
1.0
1671778594112541376
-0.08553358167409897
0.006206239107996225
0.0035982055123895407
0.0
0.0
0.0
1.0
1671778594213540352
-0.08545330166816711
0.0062738219276070595
0.00358299957588315
0.0
0.0
0.0
1.0
1671778594313530112
-0.08538088202476501
0.006326235365122557
0.0035649891942739487
0.0
0.0
0.0
1.0
1671778594412526528
-0.08526682108640671
0.006347212940454483
0.003540309611707926
0.0
0.0
0.0
1.0
1671778594512524224
-0.08513166755437851
0.00636461703106761
0.003498771460726857
0.0
0.0
0.0
1.0
1671778594612521920
-0.08497102558612823
0.006370136979967356
0.0034195759799331427
0.0
0.0
0.0
1.0
1671778594712521152
-0.0848132073879242
0.006356631871312857
0.0033550967928022146
0.0
0.0
0.0
1.0
1671778594813521152
-0.08465965837240219
0.006329771596938372
0.003286737482994795
0.0
0.0
0.0
1.0
1671778594912520384
-0.08451380580663681
0.00631993543356657
0.0032122957054525614
0.0
0.0
0.0
1.0
1671778595012519360
-0.08438487350940704
0.006334895268082619
0.0031564380042254925
0.0
0.0
0.0
1.0
1671778595112517568
-0.0842912569642067
0.00635656388476491
0.0031375428661704063
0.0
0.0
0.0
1.0
1671778595213516544
-0.08422031998634338
0.006368124857544899
0.0031484896317124367
0.0
0.0
0.0
1.0
1671778595312507584
-0.08418072760105133
0.0063653974793851376
0.0031692199409008026
0.0
0.0
0.0
1.0
1671778595412506560
-0.08414489030838013
0.00632374407723546
0.0031882969196885824
0.0
0.0
0.0
1.0
1671778595512505536
-0.08412332832813263
0.006267243064939976
0.003222427098080516
0.0
0.0
0.0
1.0
1671778595612504768
-0.0840781182050705
0.006203172262758017
0.0032452205196022987
0.0
0.0
0.0
1.0
1671778595712503744
-0.08406902104616165
0.006123789586126804
0.0032687601633369923
0.0
0.0
0.0
1.0
1671778595812502720
-0.08410061150789261
0.006049058865755796
0.0033125849440693855
0.0
0.0
0.0
1.0
1671778595912500672
-0.08417857438325882
0.005992949474602938
0.0033438478130847216
0.0
0.0
0.0
1.0
1671778596012499648
-0.08425774425268173
0.0059467763639986515
0.003358477260917425
0.0
0.0
0.0
1.0
1671778596112499648
-0.08430252224206924
0.005879746284335852
0.0033679334446787834
0.0
0.0
0.0
1.0
1671778596212492480
-0.0843127965927124
0.005823805928230286
0.003355212276801467
0.0
0.0
0.0
1.0
1671778596312491200
-0.0842927098274231
0.005751956254243851
0.0033509251661598682
0.0
0.0
0.0
1.0
1671778596412490176
-0.08427905291318893
0.005659041926264763
0.003332986729219556
0.0
0.0
0.0
1.0
1671778596512488896
-0.08424568921327591
0.005554682575166225
0.00331959780305624
0.0
0.0
0.0
1.0
1671778596612487872
-0.0841866284608841
0.005425038747489452
0.0033218886237591505
0.0
0.0
0.0
1.0
1671778596712486592
-0.08411207795143127
0.005276877898722887
0.0033238015603274107
0.0
0.0
0.0
1.0
1671778596812485312
-0.08406341075897217
0.0051301829516887665
0.003310353495180607
0.0
0.0
0.0
1.0
1671778596913484288
-0.08405531942844391
0.004989973269402981
0.00327718211337924
0.0
0.0
0.0
1.0
1671778597013483264
-0.0840735137462616
0.004865177441388369
0.003233542200177908
0.0
0.0
0.0
1.0
1671778597113479936
-0.0840936228632927
0.0047772605903446674
0.0032208815682679415
0.0
0.0
0.0
1.0
1671778597212478656
-0.08410368114709854
0.004696258343756199
0.003241567639634013
0.0
0.0
0.0
1.0
1671778597313476096
-0.08411344140768051
0.004659196361899376
0.003278214717283845
0.0
0.0
0.0
1.0
1671778597413473536
-0.08414727449417114
0.004629350267350674
0.0033313448075205088
0.0
0.0
0.0
1.0
1671778597513473536
-0.08420760929584503
0.004614296834915876
0.003364476840943098
0.0
0.0
0.0
1.0
1671778597612471232
-0.08425657451152802
0.0045841229148209095
0.003402702510356903
0.0
0.0
0.0
1.0
1671778597712468928
-0.08431970328092575
0.00456799753010273
0.0034351416397839785
0.0
0.0
0.0
1.0
1671778597812466624
-0.08438552916049957
0.004583416972309351
0.0034430581144988537
0.0
0.0
0.0
1.0
1671778597912464320
-0.08442582190036774
0.004618694540113211
0.0034464565105736256
0.0
0.0
0.0
1.0
1671778598012461760
-0.08444676548242569
0.004668249748647213
0.003431558609008789
0.0
0.0
0.0
1.0
1671778598113461760
-0.08445031195878983
0.004780003800988197
0.0034329264890402555
0.0
0.0
0.0
1.0
1671778598213450496
-0.08441989868879318
0.004891207441687584
0.003434637561440468
0.0
0.0
0.0
1.0
1671778598312451520
-0.08438150584697723
0.004990770947188139
0.0034726588055491447
0.0
0.0
0.0
1.0
1671778598413450752
-0.08437975496053696
0.005109572783112526
0.003490159520879388
0.0
0.0
0.0
1.0
1671778598513449728
-0.0844072476029396
0.005237786564975977
0.0035024085082113743
0.0
0.0
0.0
1.0
1671778598613448704
-0.08439594507217407
0.005354831460863352
0.003513800445944071
0.0
0.0
0.0
1.0
1671778598715448704
-0.08436097204685211
0.005475304555147886
0.003525147680193186
0.0
0.0
0.0
1.0
1671778598812447680
-0.08432835340499878
0.005609048530459404
0.0035357207525521517
0.0
0.0
0.0
1.0
1671778598912446656
-0.0843009203672409
0.005723631475120783
0.003553451504558325
0.0
0.0
0.0
1.0
1671778599012445376
-0.08428188413381577
0.005815780721604824
0.003585070837289095
0.0
0.0
0.0
1.0
1671778599112443840
-0.08426427841186523
0.00590922636911273
0.0036216399166733027
0.0
0.0
0.0
1.0
1671778599212443840
-0.08423512428998947
0.006017318461090326
0.0036447388119995594
0.0
0.0
0.0
1.0
1671778599313438976
-0.08421973139047623
0.006112376227974892
0.0036892720963805914
0.0
0.0
0.0
1.0
1671778599412436672
-0.08424226194620132
0.006192553322762251
0.003717973595485091
0.0
0.0
0.0
1.0
1671778599512435136
-0.08427200466394424
0.006259279791265726
0.0037281550467014313
0.0
0.0
0.0
1.0
1671778599612433600
-0.08426669239997864
0.006291691213846207
0.003712559351697564
0.0
0.0
0.0
1.0
1671778599712432576
-0.08423681557178497
0.006296494510024786
0.003683597780764103
0.0
0.0
0.0
1.0
1671778599812431552
-0.08420602232217789
0.006275100167840719
0.0036311468575149775
0.0
0.0
0.0
1.0
1671778599912430528
-0.08417148143053055
0.006244707386940718
0.003589306492358446
0.0
0.0
0.0
1.0
1671778600012429504
-0.08412975072860718
0.006250644102692604
0.0035248289350420237
0.0
0.0
0.0
1.0
1671778600112427712
-0.08410725742578506
0.006269507575780153
0.0034381155855953693
0.0
0.0
0.0
1.0
1671778600213424896
-0.08408717811107635
0.006251648534089327
0.0033349990844726562
0.0
0.0
0.0
1.0
1671778600313422336
-0.08406383544206619
0.006264814175665379
0.0032162240240722895
0.0
0.0
0.0
1.0
1671778600412421312
-0.08406253159046173
0.006269838660955429
0.0031130965799093246
0.0
0.0
0.0
1.0
1671778600512418496
-0.08407912403345108
0.006247059907764196
0.0030279268976300955
0.0
0.0
0.0
1.0
1671778600612415936
-0.0840965211391449
0.006221721414476633
0.0029590281192213297
0.0
0.0
0.0
1.0
1671778600713415936
-0.08410215377807617
0.006204970646649599
0.002903191838413477
0.0
0.0
0.0
1.0
