1671778747246259328
-0.08327550441026688
0.005547563545405865
0.0034903541672974825
0.0
0.0
0.0
1.0
1671778747646254976
-0.08289302885532379
0.0053757354617118835
0.0036158340517431498
0.0
0.0
0.0
1.0
1671778747746253696
-0.08282972872257233
0.005410120356827974
0.0035935507621616125
0.0
0.0
0.0
1.0
1671778748146240640
-0.08281239122152328
0.005784206558018923
0.0035055384505540133
0.0
0.0
0.0
1.0
1671778748546238848
-0.08295886218547821
0.006177239585667849
0.0032101923134177923
0.0
0.0
0.0
1.0
1671778748949239616
-0.08309003710746765
0.006632606033235788
0.0028628469444811344
0.0
0.0
0.0
1.0
1671778749347239872
-0.0832516998052597
0.0071607427671551704
0.002575297374278307
0.0
0.0
0.0
1.0
1671778749749240384
-0.08330100029706955
0.007523380685597658
0.0023404888343065977
0.0
0.0
0.0
1.0
1671778750146237568
-0.08342920988798141
0.007482734974473715
0.002347297500818968
0.0
0.0
0.0
1.0
1671778750546233472
-0.08350180834531784
0.007237339857965708
0.002608728129416704
0.0
0.0
0.0
1.0
1671778750947225792
-0.08351665735244751
0.0067342715337872505
0.0028259395621716976
0.0
0.0
0.0
1.0
1671778751346220928
-0.08349767327308655
0.006490490399301052
0.003202140098437667
0.0
0.0
0.0
1.0
1671778751449220416
-0.08350108563899994
0.0064360774122178555
0.003326981794089079
0.0
0.0
0.0
1.0
1671778751848220416
-0.08342339098453522
0.006172269582748413
0.0035437813494354486
0.0
0.0
0.0
1.0
1671778752251220416
-0.08363361656665802
0.005867975298315287
0.0033831289038062096
0.0
0.0
0.0
1.0
1671778752649216320
-0.08382609486579895
0.005604480393230915
0.003161253407597542
0.0
0.0
0.0
1.0
1671778753051209664
-0.08392835408449173
0.005388730205595493
0.002918046433478594
0.0
0.0
0.0
1.0
1671778753449207872
-0.08387518674135208
0.005067504942417145
0.00264703668653965
0.0
0.0
0.0
1.0
1671778753849208128
-0.08370978385210037
0.005025404505431652
0.002347654430195689
0.0
0.0
0.0
1.0
1671778754153208128
-0.08363599330186844
0.005317768547683954
0.002115950919687748
0.0
0.0
0.0
1.0
1671778754254205056
-0.0836108848452568
0.0054208822548389435
0.0020610319916158915
0.0
0.0
0.0
1.0
1671778754356205056
-0.08362413942813873
0.005516361445188522
0.0020455012563616037
0.0
0.0
0.0
1.0
1671778754453205056
-0.08367037028074265
0.005615350790321827
0.0020728078670799732
0.0
0.0
0.0
1.0
1671778754856199168
-0.08391740173101425
0.006008517928421497
0.0021525067277252674
0.0
0.0
0.0
1.0
1671778755253199168
-0.084317147731781
0.00621842360123992
0.0021383678540587425
0.0
0.0
0.0
1.0
1671778755656199168
-0.0846172571182251
0.006207120139151812
0.0021345876157283783
0.0
0.0
0.0
1.0
1671778756053196096
-0.08484908938407898
0.006124242674559355
0.0021546457428485155
0.0
0.0
0.0
1.0
1671778756456191488
-0.08520710468292236
0.006258348003029823
0.002180425450205803
0.0
0.0
0.0
1.0
1671778756853180992
-0.08535680174827576
0.0063724033534526825
0.002398174023255706
0.0
0.0
0.0
1.0
1671778757191175872
-0.08530580252408981
0.00644478527829051
0.0025547691620886326
0.0
0.0
0.0
1.0
1671778757291175872
-0.08528335392475128
0.006476333364844322
0.00258463341742754
0.0
0.0
0.0
1.0
1671778757691159232
-0.08519743382930756
0.006495602894574404
0.002730652689933777
0.0
0.0
0.0
1.0
1671778758091159488
-0.08521024882793427
0.006520007736980915
0.002770030638203025
0.0
0.0
0.0
1.0
1671778758491151808
-0.08511891216039658
0.006381206680089235
0.002740368712693453
0.0
0.0
0.0
1.0
1671778758891152832
-0.08462756872177124
0.006149102468043566
0.0027643481735140085
0.0
0.0
0.0
1.0
1671778759291153088
-0.08409955352544785
0.005913654342293739
0.003003910416737199
0.0
0.0
0.0
1.0
1671778759693151296
-0.08385743200778961
0.005637866910547018
0.003304884070530534
0.0
0.0
0.0
1.0
1671778760091145152
-0.08398556709289551
0.0052848029881715775
0.003382636932656169
0.0
0.0
0.0
1.0
1671778760491139264
-0.08413610607385635
0.005295549053698778
0.003210162976756692
0.0
0.0
0.0
1.0
1671778760818136448
-0.08395591378211975
0.005480919498950243
0.002982829697430134
0.0
0.0
0.0
1.0
1671778760918135168
-0.08392699807882309
0.0054959687404334545
0.0029308160301297903
0.0
0.0
0.0
1.0
1671778761021133888
-0.0839480310678482
0.0055299438536167145
0.0028604899998754263
0.0
0.0
0.0
1.0
1671778761419133376
-0.08422724157571793
0.005602735094726086
0.0024789280723780394
0.0
0.0
0.0
1.0
1671778761818133120
-0.08431851118803024
0.005430334713310003
0.0023357272148132324
0.0
0.0
0.0
1.0
1671778762219133120
-0.08418265730142593
0.005309507716447115
0.002338357735425234
0.0
0.0
0.0
1.0
1671778762618119552
-0.08401020616292953
0.0051178717985749245
0.002598193008452654
0.0
0.0
0.0
1.0
1671778763021118528
-0.08423654735088348
0.004799932707101107
0.0028713152278214693
0.0
0.0
0.0
1.0
1671778763418116224
-0.0841633751988411
0.0043566590175032616
0.002785993739962578
0.0
0.0
0.0
1.0
1671778763818114432
-0.08387225866317749
0.004213731270283461
0.002629215596243739
0.0
0.0
0.0
1.0
1671778764218114944
-0.08338115364313126
0.004052163567394018
0.00253220833837986
0.0
0.0
0.0
1.0
1671778764426115200
-0.08330237120389938
0.00399396289139986
0.0025330157950520515
0.0
0.0
0.0
1.0
1671778764529115200
-0.08332062512636185
0.003983994480222464
0.002535533858463168
0.0
0.0
0.0
1.0
1671778764627115200
-0.08337128162384033
0.004049448296427727
0.0025287733878940344
0.0
0.0
0.0
1.0
1671778764726115200
-0.08343510329723358
0.004141868557780981
0.002519765868782997
0.0
0.0
0.0
1.0
1671778765127097280
-0.08366183936595917
0.004534617066383362
0.0026943639386445284
0.0
0.0
0.0
1.0
1671778765526088064
-0.08396276831626892
0.00487789511680603
0.002874489640817046
0.0
0.0
0.0
1.0
1671778765749086272
-0.08405838161706924
0.005100363399833441
0.0028849646914750338
0.0
0.0
0.0
1.0
1671778765853085248
-0.08410993963479996
0.005176922306418419
0.002907859394326806
0.0
0.0
0.0
1.0
1671778765952083456
-0.08415509015321732
0.005266994703561068
0.0029237770941108465
0.0
0.0
0.0
1.0
1671778766049082176
-0.08417707681655884
0.0053591039031744
0.0029227351769804955
0.0
0.0
0.0
1.0
1671778766152080640
-0.08423022925853729
0.005449241027235985
0.00290102930739522
0.0
0.0
0.0
1.0
1671778766253079360
-0.08427917957305908
0.005550670903176069
0.0028556964825838804
0.0
0.0
0.0
1.0
1671778766353078336
-0.08430859446525574
0.005635696928948164
0.0028208871372044086
0.0
0.0
0.0
1.0
1671778766452076800
-0.08433584868907928
0.005704968702048063
0.002797466004267335
0.0
0.0
0.0
1.0
1671778766549075520
-0.08437974005937576
0.00575344730168581
0.0027821329422295094
0.0
0.0
0.0
1.0
1671778766653075520
-0.08441981673240662
0.005782572086900473
0.0027639511972665787
0.0
0.0
0.0
1.0
1671778766751075776
-0.08446711301803589
0.00583290820941329
0.002754396991804242
0.0
0.0
0.0
1.0
1671778766851076288
-0.08451441675424576
0.005885403603315353
0.0027559855952858925
0.0
0.0
0.0
1.0
1671778766950076288
-0.08457484096288681
0.005950779654085636
0.002747550141066313
0.0
0.0
0.0
1.0
1671778767049076544
-0.08463378995656967
0.006013945210725069
0.0027422618586570024
0.0
0.0
0.0
1.0
1671778767149076032
-0.08466625958681107
0.006095798220485449
0.002736986381933093
0.0
0.0
0.0
1.0
1671778767549066048
-0.08475808799266815
0.006372399628162384
0.002704140031710267
0.0
0.0
0.0
1.0
1671778767950064256
-0.08477282524108887
0.006265922449529171
0.0026236579287797213
0.0
0.0
0.0
1.0
1671778768049064512
-0.08480195701122284
0.006227283272892237
0.00264776055701077
0.0
0.0
0.0
1.0
1671778768449064000
-0.08511319756507874
0.006083572283387184
0.002648355672135949
0.0
0.0
0.0
1.0
1671778768851064256
-0.08569752424955368
0.005817334167659283
0.0024839681573212147
0.0
0.0
0.0
1.0
1671778769226059648
-0.0861346423625946
0.005436470732092857
0.002447855891659856
0.0
0.0
0.0
1.0
1671778769326058368
-0.08617052435874939
0.00537512032315135
0.0024407843593508005
0.0
0.0
0.0
1.0
1671778769427057344
-0.08618633449077606
0.005309343803673983
0.0024349710438400507
0.0
0.0
0.0
1.0
1671778769526057600
-0.08618364483118057
0.005245394539088011
0.002446037484332919
0.0
0.0
0.0
1.0
1671778769927056064
-0.08599643409252167
0.0051704938523471355
0.0025024558417499065
0.0
0.0
0.0
1.0
1671778770056056064
-0.08594198524951935
0.005242134444415569
0.0024670767597854137
0.0
0.0
0.0
1.0
1671778770126055808
-0.08587156236171722
0.005305279977619648
0.0024436020758002996
0.0
0.0
0.0
1.0
1671778770226056064
-0.08576475828886032
0.005385512486100197
0.0024065575562417507
0.0
0.0
0.0
1.0
1671778770327056320
-0.08565367013216019
0.005473981145769358
0.002379629062488675
0.0
0.0
0.0
1.0
1671778770426056320
-0.08551333844661713
0.005564310122281313
0.0023265560157597065
0.0
0.0
0.0
1.0
1671778770526050688
-0.08537596464157104
0.005669415928423405
0.002284822752699256
0.0
0.0
0.0
1.0
1671778770627050176
-0.08524905890226364
0.00580868823453784
0.0022453870624303818
0.0
0.0
0.0
1.0
1671778770726050176
-0.08510833233594894
0.005945258773863316
0.002209384460002184
0.0
0.0
0.0
1.0
1671778770827050176
-0.08496623486280441
0.006108961068093777
0.0021697101183235645
0.0
0.0
0.0
1.0
1671778771227050176
-0.08454237133264542
0.006768911611288786
0.0023683246690779924
0.0
0.0
0.0
1.0
1671778771627050432
-0.08372903615236282
0.007268744986504316
0.0026112666819244623
0.0
0.0
0.0
1.0
1671778772027050944
-0.08321332931518555
0.007558996323496103
0.0025435856077820063
0.0
0.0
0.0
1.0
1671778772426046336
-0.08322703838348389
0.007663625292479992
0.002587065566331148
0.0
0.0
0.0
1.0
1671778772827039680
-0.08363692462444305
0.0076622930355370045
0.0025347440969198942
0.0
0.0
0.0
1.0
1671778773226034304
-0.08384837210178375
0.007813185453414917
0.002380028832703829
0.0
0.0
0.0
1.0
1671778773331032768
-0.08378680050373077
0.00791244488209486
0.0023839359637349844
0.0
0.0
0.0
1.0
1671778773428032000
-0.08373618870973587
0.008002842776477337
0.0024065186735242605
0.0
0.0
0.0
1.0
1671778773531032000
-0.0836750864982605
0.008129776455461979
0.0024147164076566696
0.0
0.0
0.0
1.0
1671778773631030976
-0.08365070074796677
0.008233215659856796
0.0024254736490547657
0.0
0.0
0.0
1.0
1671778773731028672
-0.083641417324543
0.008340416476130486
0.002453899709507823
0.0
0.0
0.0
1.0
1671778773829026368
-0.08362998813390732
0.008428300730884075
0.002490039449185133
0.0
0.0
0.0
1.0
1671778773928024320
-0.08363152295351028
0.008562047965824604
0.0025025641079992056
0.0
0.0
0.0
1.0
1671778774028024320
-0.08362835645675659
0.00867193378508091
0.0025074223522096872
0.0
0.0
0.0
1.0
1671778774128024320
-0.0836251899600029
0.008731764741241932
0.0025253358762711287
0.0
0.0
0.0
1.0
1671778774228023296
-0.08363735675811768
0.008746089413762093
0.0025500229094177485
0.0
0.0
0.0
1.0
1671778774628023296
-0.08372491598129272
0.008347536437213421
0.002583058550953865
0.0
0.0
0.0
1.0
1671778775011021760
-0.08367122709751129
0.00755321467295289
0.002594779012724757
0.0
0.0
0.0
1.0
1671778775111021504
-0.08374097943305969
0.007319723255932331
0.002593867713585496
0.0
0.0
0.0
1.0
1671778775211021504
-0.08380968123674393
0.007085777353495359
0.002626206260174513
0.0
0.0
0.0
1.0
1671778775312021504
-0.08387123048305511
0.006872468627989292
0.002646820619702339
0.0
0.0
0.0
1.0
1671778775412021760
-0.0839550569653511
0.00669875368475914
0.0026409009005874395
0.0
0.0
0.0
1.0
1671778775511022016
-0.08405724167823792
0.006559845991432667
0.002642161212861538
0.0
0.0
0.0
1.0
1671778775611022528
-0.08416327089071274
0.006453238427639008
0.0026270803064107895
0.0
0.0
0.0
1.0
1671778775712022784
-0.08428455144166946
0.006335967220366001
0.0026173724327236414
0.0
0.0
0.0
1.0
1671778775812022784
-0.08439802378416061
0.006191816180944443
0.002621498191729188
0.0
0.0
0.0
1.0
1671778776211014848
-0.08477111905813217
0.0058678993955254555
0.0027159571181982756
0.0
0.0
0.0
1.0
1671778776612011264
-0.08505881577730179
0.005591435357928276
0.002781936665996909
0.0
0.0
0.0
1.0
1671778777011006144
-0.08520957082509995
0.005366600584238768
0.0027712907176464796
0.0
0.0
0.0
1.0
1671778777341004352
-0.0851588323712349
0.005395092535763979
0.00275546801276505
0.0
0.0
0.0
1.0
1671778777440998720
-0.0851462334394455
0.005375558976083994
0.0027609062381088734
0.0
0.0
0.0
1.0
1671778777542996672
-0.08516175299882889
0.005339499097317457
0.002770376158878207
0.0
0.0
0.0
1.0
1671778777643995136
-0.08518453687429428
0.005307263229042292
0.002787987468764186
0.0
0.0
0.0
1.0
1671778777740995136
-0.08521801978349686
0.0052880155853927135
0.0028164961840957403
0.0
0.0
0.0
1.0
1671778777842995136
-0.08524850010871887
0.005274237599223852
0.0028525786474347115
0.0
0.0
0.0
1.0
1671778778240991808
-0.0851157084107399
0.005345017183572054
0.002952558919787407
0.0
0.0
0.0
1.0
1671778778543989760
-0.08478055894374847
0.005429940298199654
0.0028226575814187527
0.0
0.0
0.0
1.0
1671778778648989760
-0.08462382107973099
0.0055190385319292545
0.0027863988652825356
0.0
0.0
0.0
1.0
1671778778748989248
-0.08446519821882248
0.0056135947816073895
0.0027450143825262785
0.0
0.0
0.0
1.0
1671778778848989248
-0.08431988209486008
0.005717243533581495
0.0027151540853083134
0.0
0.0
0.0
1.0
1671778778948989760
-0.08416710793972015
0.00584385497495532
0.0027034941595047712
0.0
0.0
0.0
1.0
1671778779046979520
-0.08404171466827393
0.005988666787743568
0.002717760391533375
0.0
0.0
0.0
1.0
1671778779146979264
-0.08393894881010056
0.006120828911662102
0.0027560389135032892
0.0
0.0
0.0
1.0
1671778779248979264
-0.08384551852941513
0.006215834990143776
0.0028089480474591255
0.0
0.0
0.0
1.0
1671778779348979264
-0.08375699818134308
0.006314992439001799
0.002864421810954809
0.0
0.0
0.0
1.0
1671778779448979264
-0.08368568122386932
0.006406264379620552
0.0029131737537682056
0.0
0.0
0.0
1.0
1671778779848971840
-0.08355197310447693
0.006714549381285906
0.003147878684103489
0.0
0.0
0.0
1.0
1671778780150970048
-0.0834701657295227
0.006635238882154226
0.003210608148947358
0.0
0.0
0.0
1.0
1671778780250969024
-0.0833863839507103
0.006573122926056385
0.0032323249615728855
0.0
0.0
0.0
1.0
1671778780351964928
-0.08330636471509933
0.006495981942862272
0.0032372064888477325
0.0
0.0
0.0
1.0
1671778780751960576
-0.08305030316114426
0.006073466502130032
0.003281903453171253
0.0
0.0
0.0
1.0
