1671777410292936192
-0.06461220234632492
-0.013427910394966602
-0.10422180593013763
0.0
0.0
0.0
1.0
1671777410391932608
-0.06441385298967361
-0.01327300351113081
-0.10417541861534119
0.0
0.0
0.0
1.0
1671777410491933632
-0.06428679078817368
-0.013102155178785324
-0.10410234332084656
0.0
0.0
0.0
1.0
1671777410591934656
-0.06426620483398438
-0.012917664833366871
-0.10400580614805222
0.0
0.0
0.0
1.0
1671777410693934912
-0.06427405029535294
-0.01272027101367712
-0.10389706492424011
0.0
0.0
0.0
1.0
1671777410793935680
-0.0643102154135704
-0.012512806802988052
-0.10379242897033691
0.0
0.0
0.0
1.0
1671777410893936704
-0.06440199166536331
-0.012349121272563934
-0.10368310660123825
0.0
0.0
0.0
1.0
1671777410992936704
-0.06447293609380722
-0.012236037291586399
-0.1035580262541771
0.0
0.0
0.0
1.0
1671777411093937472
-0.06453020870685577
-0.012117639183998108
-0.10343685746192932
0.0
0.0
0.0
1.0
1671777411192937472
-0.06458929926156998
-0.011979791335761547
-0.10333739221096039
0.0
0.0
0.0
1.0
1671777411292938752
-0.06464102119207382
-0.011847024783492088
-0.10324470698833466
0.0
0.0
0.0
1.0
1671777411391940288
-0.06471586972475052
-0.011728771962225437
-0.10316700488328934
0.0
0.0
0.0
1.0
1671777411491940800
-0.06478278338909149
-0.011655546724796295
-0.1031092181801796
0.0
0.0
0.0
1.0
1671777411592941312
-0.0648365393280983
-0.011623924598097801
-0.10309106856584549
0.0
0.0
0.0
1.0
1671777411692941312
-0.06481961160898209
-0.011686590500175953
-0.10310211032629013
0.0
0.0
0.0
1.0
1671777411791930048
-0.06480354815721512
-0.011806800030171871
-0.10313788056373596
0.0
0.0
0.0
1.0
1671777411891931328
-0.06487066298723221
-0.011936403810977936
-0.10316206514835358
0.0
0.0
0.0
1.0
1671777411991932096
-0.06496235728263855
-0.01209921296685934
-0.1031847596168518
0.0
0.0
0.0
1.0
1671777412094932864
-0.0650399699807167
-0.01227136142551899
-0.10322574526071548
0.0
0.0
0.0
1.0
1671777412192932864
-0.06506315618753433
-0.012455414049327374
-0.10328087210655212
0.0
0.0
0.0
1.0
1671777412292932864
-0.06504098325967789
-0.012633330188691616
-0.1033608466386795
0.0
0.0
0.0
1.0
1671777412392932864
-0.06497994810342789
-0.012821264564990997
-0.10341981798410416
0.0
0.0
0.0
1.0
1671777412493930560
-0.06492316722869873
-0.01298578828573227
-0.10348504781723022
0.0
0.0
0.0
1.0
1671777412591930560
-0.0648312121629715
-0.013125232420861721
-0.10354930907487869
0.0
0.0
0.0
1.0
1671777412691931328
-0.06472527235746384
-0.01326007954776287
-0.10363411903381348
0.0
0.0
0.0
1.0
1671777412791932352
-0.06462094187736511
-0.013335376977920532
-0.10370837152004242
0.0
0.0
0.0
1.0
1671777412891933376
-0.06453657895326614
-0.01335015706717968
-0.1037537232041359
0.0
0.0
0.0
1.0
1671777412991934400
-0.06448514014482498
-0.013309234753251076
-0.1038099005818367
0.0
0.0
0.0
1.0
1671777413091935168
-0.06442201137542725
-0.013266181573271751
-0.10386376082897186
0.0
0.0
0.0
1.0
1671777413192935936
-0.06430108845233917
-0.013228582218289375
-0.1039147600531578
0.0
0.0
0.0
1.0
1671777413292927744
-0.06415817141532898
-0.013173836283385754
-0.10395348817110062
0.0
0.0
0.0
1.0
1671777413392929280
-0.06405775249004364
-0.013137045316398144
-0.10400217771530151
0.0
0.0
0.0
1.0
1671777413492931584
-0.06397268921136856
-0.01311471313238144
-0.1040419414639473
0.0
0.0
0.0
1.0
1671777413592928512
-0.06388985365629196
-0.013122252188622952
-0.10406586527824402
0.0
0.0
0.0
1.0
1671777413692928512
-0.0638032853603363
-0.013114549219608307
-0.10405667126178741
0.0
0.0
0.0
1.0
1671777413792928512
-0.06371165066957474
-0.013087740167975426
-0.10400637239217758
0.0
0.0
0.0
1.0
1671777413892916992
-0.06361851096153259
-0.01302300300449133
-0.10395272076129913
0.0
0.0
0.0
1.0
1671777413993917760
-0.06352996826171875
-0.01295161247253418
-0.10388877987861633
0.0
0.0
0.0
1.0
1671777414092917760
-0.06345202028751373
-0.012901769950985909
-0.1038052886724472
0.0
0.0
0.0
1.0
1671777414192918272
-0.06340906769037247
-0.0127959493547678
-0.10373058915138245
0.0
0.0
0.0
1.0
1671777414292920320
-0.06337463110685349
-0.0126640098169446
-0.10367494076490402
0.0
0.0
0.0
1.0
1671777414392920320
-0.06332068890333176
-0.01252268347889185
-0.10363385081291199
0.0
0.0
0.0
1.0
1671777414492909568
-0.06329306960105896
-0.012346428819000721
-0.10358884930610657
0.0
0.0
0.0
1.0
1671777414592903936
-0.06324618309736252
-0.012162401340901852
-0.10353469103574753
0.0
0.0
0.0
1.0
1671777414692905472
-0.06318587809801102
-0.012016368098556995
-0.10349452495574951
0.0
0.0
0.0
1.0
1671777414792906240
-0.06317034363746643
-0.011948661878705025
-0.10348715633153915
0.0
0.0
0.0
1.0
1671777414892907008
-0.06318463385105133
-0.011907272972166538
-0.10349633544683456
0.0
0.0
0.0
1.0
1671777414992908032
-0.0631568655371666
-0.011897367425262928
-0.10350952297449112
0.0
0.0
0.0
1.0
1671777415092909312
-0.06308330595493317
-0.011901265941560268
-0.10352905839681625
0.0
0.0
0.0
1.0
1671777415192910592
-0.06302333623170853
-0.011935257352888584
-0.1035648062825203
0.0
0.0
0.0
1.0
1671777415292912128
-0.06295867264270782
-0.011986026540398598
-0.10365710407495499
0.0
0.0
0.0
1.0
1671777415393914432
-0.06292835623025894
-0.012035246007144451
-0.10374648123979568
0.0
0.0
0.0
1.0
1671777415494903936
-0.06296521425247192
-0.012082650326192379
-0.1038152277469635
0.0
0.0
0.0
1.0
1671777415592897024
-0.06305213272571564
-0.012096951715648174
-0.10385632514953613
0.0
0.0
0.0
1.0
1671777415691894464
-0.06317050009965897
-0.012067491188645363
-0.10386364907026291
0.0
0.0
0.0
1.0
1671777415791895744
-0.06323481351137161
-0.012019732967019081
-0.10388514399528503
0.0
0.0
0.0
1.0
1671777415891895488
-0.06323549896478653
-0.012014876119792461
-0.10394129157066345
0.0
0.0
0.0
1.0
1671777415991896512
-0.06327977776527405
-0.012018531560897827
-0.10396930575370789
0.0
0.0
0.0
1.0
1671777416093896000
-0.06339538097381592
-0.012007919140160084
-0.10399702191352844
0.0
0.0
0.0
1.0
1671777416191896000
-0.06352730095386505
-0.012003602460026741
-0.10399483889341354
0.0
0.0
0.0
1.0
1671777416291896768
-0.06365817785263062
-0.011996487155556679
-0.10397849231958389
0.0
0.0
0.0
1.0
1671777416391897536
-0.06382492929697037
-0.01201504748314619
-0.10396065562963486
0.0
0.0
0.0
1.0
1671777416491893440
-0.06398546695709229
-0.012015938758850098
-0.1039467453956604
0.0
0.0
0.0
1.0
1671777416592894208
-0.0641159862279892
-0.011999338865280151
-0.10392101109027863
0.0
0.0
0.0
1.0
1671777416692895232
-0.06421946734189987
-0.011934682726860046
-0.10390742868185043
0.0
0.0
0.0
1.0
1671777416792896000
-0.06428194046020508
-0.011828770861029625
-0.10385674238204956
0.0
0.0
0.0
1.0
1671777416892898560
-0.06432022899389267
-0.01172104012221098
-0.10377958416938782
0.0
0.0
0.0
1.0
1671777416992892928
-0.06438935548067093
-0.011575285345315933
-0.10369311273097992
0.0
0.0
0.0
1.0
1671777417092893696
-0.0644635483622551
-0.01144898496568203
-0.1035950556397438
0.0
0.0
0.0
1.0
1671777417192894208
-0.06456564366817474
-0.011310101486742496
-0.1034758985042572
0.0
0.0
0.0
1.0
1671777417292895488
-0.06465575844049454
-0.01116014365106821
-0.10334466397762299
0.0
0.0
0.0
1.0
1671777417392897792
-0.06476625800132751
-0.011047677136957645
-0.10320472717285156
0.0
0.0
0.0
1.0
1671777417492897792
-0.06488686054944992
-0.01095780823379755
-0.10306424647569656
0.0
0.0
0.0
1.0
1671777417592888320
-0.06494921445846558
-0.010916314087808132
-0.10292905569076538
0.0
0.0
0.0
1.0
1671777417692889600
-0.06497564911842346
-0.010903711430728436
-0.10280825197696686
0.0
0.0
0.0
1.0
1671777417792890880
-0.06501317024230957
-0.010924954898655415
-0.10269474983215332
0.0
0.0
0.0
1.0
1671777417892891904
-0.0650465190410614
-0.010971019975841045
-0.10258036106824875
0.0
0.0
0.0
1.0
1671777417992894464
-0.06505751609802246
-0.011043530888855457
-0.10247904062271118
0.0
0.0
0.0
1.0
1671777418092895488
-0.06505703926086426
-0.011148862540721893
-0.10237620770931244
0.0
0.0
0.0
1.0
1671777418192896000
-0.06508632004261017
-0.011253793723881245
-0.1022777333855629
0.0
0.0
0.0
1.0
1671777418292896000
-0.06513892114162445
-0.011389417573809624
-0.10220698267221451
0.0
0.0
0.0
1.0
1671777418392897024
-0.06521499902009964
-0.011545310728251934
-0.10213044285774231
0.0
0.0
0.0
1.0
1671777418492898048
-0.06533771753311157
-0.011709499172866344
-0.10204452276229858
0.0
0.0
0.0
1.0
1671777418592899072
-0.06544801592826843
-0.011871030554175377
-0.10199204832315445
0.0
0.0
0.0
1.0
1671777418692901632
-0.0655159130692482
-0.012011411599814892
-0.10195603221654892
0.0
0.0
0.0
1.0
1671777418792903424
-0.06555742770433426
-0.012134418822824955
-0.1019379198551178
0.0
0.0
0.0
1.0
1671777418892905984
-0.06557866185903549
-0.012222626246511936
-0.10193657875061035
0.0
0.0
0.0
1.0
1671777418992907008
-0.06560187041759491
-0.012266205623745918
-0.10195023566484451
0.0
0.0
0.0
1.0
1671777419092909568
-0.06561052054166794
-0.0122337955981493
-0.10199135541915894
0.0
0.0
0.0
1.0
1671777419192903168
-0.06557667255401611
-0.01220230758190155
-0.10204847902059555
0.0
0.0
0.0
1.0
1671777419292903168
-0.06549540162086487
-0.012212391942739487
-0.10212501883506775
0.0
0.0
0.0
1.0
1671777419392896256
-0.06537708640098572
-0.012245341204106808
-0.10219822078943253
0.0
0.0
0.0
1.0
1671777419492893952
-0.06526824086904526
-0.012307044118642807
-0.10226169228553772
0.0
0.0
0.0
1.0
1671777419592896256
-0.06518657505512238
-0.012386289425194263
-0.10229596495628357
0.0
0.0
0.0
1.0
1671777419692897280
-0.06512831896543503
-0.012441928498446941
-0.10233823210000992
0.0
0.0
0.0
1.0
1671777419791898304
-0.06501830369234085
-0.012466691434383392
-0.10240966081619263
0.0
0.0
0.0
1.0
1671777419891899328
-0.06486009061336517
-0.012530550360679626
-0.10252133011817932
0.0
0.0
0.0
1.0
1671777419994900352
-0.06466896831989288
-0.012647886760532856
-0.1026647761464119
0.0
0.0
0.0
1.0
1671777420092900352
-0.06449080258607864
-0.012815767899155617
-0.10281500220298767
0.0
0.0
0.0
1.0
1671777420194900352
-0.06432466953992844
-0.012985876761376858
-0.10291216522455215
0.0
0.0
0.0
1.0
1671777420292896000
-0.06417647004127502
-0.013101952150464058
-0.10300292074680328
0.0
0.0
0.0
1.0
1671777420391897280
-0.06404826790094376
-0.013204342685639858
-0.10306230932474136
0.0
0.0
0.0
1.0
1671777420491898560
-0.06394681334495544
-0.01330579537898302
-0.10309348255395889
0.0
0.0
0.0
1.0
1671777420591899584
-0.06389512866735458
-0.013397730886936188
-0.10309664160013199
0.0
0.0
0.0
1.0
1671777420691900608
-0.06385570764541626
-0.013471890240907669
-0.10309095680713654
0.0
0.0
0.0
1.0
1671777420791901632
-0.06376384198665619
-0.013557394035160542
-0.10309531539678574
0.0
0.0
0.0
1.0
1671777420891902656
-0.06366802752017975
-0.013559198938310146
-0.10308392345905304
0.0
0.0
0.0
1.0
1671777420991903424
-0.0635996088385582
-0.013546513393521309
-0.10306192189455032
0.0
0.0
0.0
1.0
1671777421091904192
-0.06355572491884232
-0.01350441761314869
-0.10303820669651031
0.0
0.0
0.0
1.0
1671777421192906496
-0.0635090097784996
-0.013407690450549126
-0.10300345718860626
0.0
0.0
0.0
1.0
1671777421292906496
-0.06348937004804611
-0.013237818144261837
-0.10298033803701401
0.0
0.0
0.0
1.0
1671777421392895232
-0.0634651854634285
-0.013072249479591846
-0.10295875370502472
0.0
0.0
0.0
1.0
1671777421492899328
-0.06343668699264526
-0.012901023030281067
-0.10295109450817108
0.0
0.0
0.0
1.0
1671777421593902912
-0.06338493525981903
-0.01268256176263094
-0.1029631495475769
0.0
0.0
0.0
1.0
1671777421692902912
-0.06338846683502197
-0.01244138553738594
-0.10300981998443604
0.0
0.0
0.0
1.0
1671777421792904192
-0.06340909749269485
-0.012214464135468006
-0.10304062068462372
0.0
0.0
0.0
1.0
1671777421892904192
-0.06346291303634644
-0.011969381012022495
-0.10306605696678162
0.0
0.0
0.0
1.0
1671777421992893184
-0.06356553733348846
-0.011717289686203003
-0.10311663895845413
0.0
0.0
0.0
1.0
1671777422091887552
-0.06365405023097992
-0.011501182802021503
-0.10316547751426697
0.0
0.0
0.0
1.0
1671777422192886016
-0.06366589665412903
-0.011372817680239677
-0.1032155379652977
0.0
0.0
0.0
1.0
1671777422291888576
-0.06363525986671448
-0.011296155862510204
-0.1032823771238327
0.0
0.0
0.0
1.0
1671777422391891136
-0.06360048055648804
-0.011284328997135162
-0.10334530472755432
0.0
0.0
0.0
1.0
1671777422491892160
-0.06360851228237152
-0.011272430419921875
-0.10340924561023712
0.0
0.0
0.0
1.0
1671777422591893184
-0.06368034332990646
-0.011240845546126366
-0.10344913601875305
0.0
0.0
0.0
1.0
1671777422691895488
-0.06378130614757538
-0.011208826676011086
-0.10347641259431839
0.0
0.0
0.0
1.0
1671777422791896512
-0.06388463824987411
-0.011201303452253342
-0.10348515957593918
0.0
0.0
0.0
1.0
1671777422891897792
-0.06395114213228226
-0.011237666942179203
-0.10352730005979538
0.0
0.0
0.0
1.0
1671777422991898560
-0.06400926411151886
-0.011292679235339165
-0.1035982146859169
0.0
0.0
0.0
1.0
1671777423091899328
-0.06411012262105942
-0.011364879086613655
-0.10365253686904907
0.0
0.0
0.0
1.0
1671777423191901376
-0.0642341896891594
-0.011428406462073326
-0.10370846837759018
0.0
0.0
0.0
1.0
1671777423294904192
-0.0643385723233223
-0.011502256616950035
-0.10376176238059998
0.0
0.0
0.0
1.0
1671777423392889856
-0.06441862136125565
-0.011573796160519123
-0.10380811989307404
0.0
0.0
0.0
1.0
1671777423492889856
-0.0645221620798111
-0.011631018482148647
-0.10386352241039276
0.0
0.0
0.0
1.0
1671777423592892416
-0.06469334661960602
-0.0116661936044693
-0.10392101854085922
0.0
0.0
0.0
1.0
1671777423692894976
-0.06487619131803513
-0.011666337959468365
-0.10396041721105576
0.0
0.0
0.0
1.0
1671777423792897536
-0.06505449116230011
-0.011678655631840229
-0.10400289297103882
0.0
0.0
0.0
1.0
1671777423892899840
-0.06525455415248871
-0.011716250330209732
-0.10405103117227554
0.0
0.0
0.0
1.0
1671777423992902400
-0.06541770696640015
-0.011761768721044064
-0.10411906242370605
0.0
0.0
0.0
1.0
1671777424092902400
-0.06555461883544922
-0.01182999275624752
-0.10418849438428879
0.0
0.0
0.0
1.0
1671777424192891648
-0.06565705686807632
-0.011890853755176067
-0.10426696389913559
0.0
0.0
0.0
1.0
1671777424292883200
-0.06574339419603348
-0.01194156426936388
-0.10436251014471054
0.0
0.0
0.0
1.0
1671777424392887040
-0.06579392403364182
-0.011972911655902863
-0.10444377362728119
0.0
0.0
0.0
1.0
1671777424492889344
-0.06582187861204147
-0.012060175649821758
-0.10455020517110825
0.0
0.0
0.0
1.0
1671777424592891904
-0.06577648222446442
-0.012178663164377213
-0.10464999824762344
0.0
0.0
0.0
1.0
1671777424692894464
-0.06567983329296112
-0.01232445053756237
-0.10471753031015396
0.0
0.0
0.0
1.0
1671777424792896768
-0.06557914614677429
-0.012493918649852276
-0.10474526137113571
0.0
0.0
0.0
1.0
1671777424893897280
-0.06547337025403976
-0.012659245170652866
-0.10474614799022675
0.0
0.0
0.0
1.0
1671777424992897280
-0.0653294250369072
-0.012807070277631283
-0.104704849421978
0.0
0.0
0.0
1.0
1671777425092897280
-0.06518657505512238
-0.012882187962532043
-0.10463117063045502
0.0
0.0
0.0
1.0
1671777425191899584
-0.06506548821926117
-0.01291570719331503
-0.10453986376523972
0.0
0.0
0.0
1.0
1671777425291899584
-0.06500254571437836
-0.012934530153870583
-0.10443780571222305
0.0
0.0
0.0
1.0
1671777425391889600
-0.06498544663190842
-0.012958992272615433
-0.10433036088943481
0.0
0.0
0.0
1.0
1671777425491887552
-0.064963199198246
-0.012949510477483273
-0.10426514595746994
0.0
0.0
0.0
1.0
1671777425591888576
-0.06488879024982452
-0.012920842505991459
-0.10419813543558121
0.0
0.0
0.0
1.0
1671777425691889856
-0.06481598317623138
-0.012874585576355457
-0.10411728173494339
0.0
0.0
0.0
1.0
1671777425791890880
-0.06479230523109436
-0.012810730375349522
-0.10404245555400848
0.0
0.0
0.0
1.0
1671777425893891904
-0.06478043645620346
-0.01274097990244627
-0.10396410524845123
0.0
0.0
0.0
1.0
1671777425991891904
-0.06479614973068237
-0.012650624848902225
-0.10388842970132828
0.0
0.0
0.0
1.0
1671777426092894464
-0.06480404734611511
-0.012529067695140839
-0.10381925851106644
0.0
0.0
0.0
1.0
1671777426192894464
-0.06482647359371185
-0.012419764883816242
-0.10375941544771194
0.0
0.0
0.0
1.0
1671777426292894464
-0.06484295427799225
-0.012288634665310383
-0.1037105843424797
0.0
0.0
0.0
1.0
1671777426391883456
-0.0648694857954979
-0.012194483540952206
-0.10365958511829376
0.0
0.0
0.0
1.0
1671777426492875776
-0.06488115340471268
-0.012172367423772812
-0.10362695902585983
0.0
0.0
0.0
1.0
1671777426591873472
-0.0648881122469902
-0.012218783609569073
-0.10363146662712097
0.0
0.0
0.0
1.0
1671777426692872448
-0.06487618386745453
-0.01229619886726141
-0.10364742577075958
0.0
0.0
0.0
1.0
1671777426791873728
-0.0648745521903038
-0.012345373630523682
-0.10366155207157135
0.0
0.0
0.0
1.0
1671777426892874752
-0.06486921012401581
-0.012383099645376205
-0.10367418080568314
0.0
0.0
0.0
1.0
1671777426992877056
-0.06484964489936829
-0.012440713122487068
-0.10367074608802795
0.0
0.0
0.0
1.0
1671777427091879104
-0.06485451757907867
-0.012503455393016338
-0.10368002206087112
0.0
0.0
0.0
1.0
1671777427192882432
-0.06489197909832001
-0.01257492695003748
-0.1036822497844696
0.0
0.0
0.0
1.0
1671777427292886528
-0.06492701917886734
-0.012613726779818535
-0.1036895364522934
0.0
0.0
0.0
1.0
1671777427392888576
-0.06492775678634644
-0.012624653056263924
-0.10370425134897232
0.0
0.0
0.0
1.0
1671777427492891136
-0.0649881511926651
-0.012596210464835167
-0.10375368595123291
0.0
0.0
0.0
1.0
1671777427592895232
-0.06509827077388763
-0.01254995446652174
-0.10379745066165924
0.0
0.0
0.0
1.0
1671777427692899584
-0.06522967666387558
-0.012512458488345146
-0.1038157269358635
0.0
0.0
0.0
1.0
1671777427792899584
-0.06534367799758911
-0.012505902908742428
-0.10382945835590363
0.0
0.0
0.0
1.0
1671777427892899584
-0.065426304936409
-0.012496761977672577
-0.10388989746570587
0.0
0.0
0.0
1.0
1671777427992899584
-0.06552111357450485
-0.012465296313166618
-0.10393572598695755
0.0
0.0
0.0
1.0
1671777428092894976
-0.0656348466873169
-0.012407351285219193
-0.10394314676523209
0.0
0.0
0.0
1.0
1671777428192896768
-0.06577744334936142
-0.01230658870190382
-0.10392213612794876
0.0
0.0
0.0
1.0
1671777428292899328
-0.06592512130737305
-0.012179643847048283
-0.10388118773698807
0.0
0.0
0.0
1.0
1671777428392902144
-0.06603186577558517
-0.012070209719240665
-0.10381778329610825
0.0
0.0
0.0
1.0
1671777428492891904
-0.06616413593292236
-0.011971664614975452
-0.10372134298086166
0.0
0.0
0.0
1.0
1671777428592894464
-0.06635138392448425
-0.011867250315845013
-0.10362758487462997
0.0
0.0
0.0
1.0
1671777428691897024
-0.06652650982141495
-0.011793054640293121
-0.10354810208082199
0.0
0.0
0.0
1.0
1671777428791898304
-0.06667549908161163
-0.011719060130417347
-0.10346091538667679
0.0
0.0
0.0
1.0
1671777428894899584
-0.06677466630935669
-0.01164726261049509
-0.10334615409374237
0.0
0.0
0.0
1.0
1671777428992899584
-0.0668322965502739
-0.011624760925769806
-0.1032390221953392
0.0
0.0
0.0
1.0
1671777429091889600
-0.0669083371758461
-0.011649633757770061
-0.1031108945608139
0.0
0.0
0.0
1.0
1671777429191890112
-0.06698057055473328
-0.011678320355713367
-0.1029619500041008
0.0
0.0
0.0
1.0
1671777429291891136
-0.06702388823032379
-0.011678116396069527
-0.10283990949392319
0.0
0.0
0.0
1.0
1671777429391892416
-0.06701364368200302
-0.011678837239742279
-0.10273892432451248
0.0
0.0
0.0
1.0
1671777429492894976
-0.06692518293857574
-0.011735700070858002
-0.10265760868787766
0.0
0.0
0.0
1.0
1671777429591880128
-0.06680817157030106
-0.011868677102029324
-0.1025923639535904
0.0
0.0
0.0
1.0
1671777429693882688
-0.06667614728212357
-0.012040420435369015
-0.10254037380218506
0.0
0.0
0.0
1.0
1671777429791882688
-0.06652870774269104
-0.012164803221821785
-0.10252061486244202
0.0
0.0
0.0
1.0
1671777429891883968
-0.06646382808685303
-0.0122452387586236
-0.10247816890478134
0.0
0.0
0.0
1.0
1671777429991886784
-0.06643059104681015
-0.012317439541220665
-0.10243816673755646
0.0
0.0
0.0
1.0
1671777430091889088
-0.06641499698162079
-0.012373395264148712
-0.10242734104394913
0.0
0.0
0.0
1.0
1671777430192889088
-0.06635724753141403
-0.012423952110111713
-0.10243189334869385
0.0
0.0
0.0
1.0
1671777430291880384
-0.06628366559743881
-0.012458715587854385
-0.1024150624871254
0.0
0.0
0.0
1.0
