1671779295322062336
-0.02583407051861286
0.008203085511922836
0.0003641938674263656
0.0
0.0
0.0
1.0
1671779295422063616
-0.02587742730975151
0.008217300288379192
0.00035577721428126097
0.0
0.0
0.0
1.0
1671779295524064384
-0.025916045531630516
0.00822389218956232
0.0003730288299266249
0.0
0.0
0.0
1.0
1671779295622065152
-0.02584429830312729
0.008180350065231323
0.00043850840302184224
0.0
0.0
0.0
1.0
1671779295722065152
-0.02561626024544239
0.00807662308216095
0.0005701453774236143
0.0
0.0
0.0
1.0
1671779295824062080
-0.025266632437705994
0.007875686511397362
0.0007624943391419947
0.0
0.0
0.0
1.0
1671779295922063360
-0.02486829273402691
0.0075836749747395515
0.0010508199920877814
0.0
0.0
0.0
1.0
1671779296022062848
-0.024474648758769035
0.0072988104075193405
0.0014012352330610156
0.0
0.0
0.0
1.0
1671779296122062336
-0.024151265621185303
0.00702260946854949
0.0018012352520599961
0.0
0.0
0.0
1.0
1671779296222062336
-0.02385662868618965
0.006739395670592785
0.0021945000626146793
0.0
0.0
0.0
1.0
1671779296324062080
-0.023751305416226387
0.006597236264497042
0.014771837741136551
0.0
0.0
0.0
1.0
1671779296424060032
-0.023981241509318352
0.00667752418667078
0.03319448605179787
0.0
0.0
0.0
1.0
1671779296524059264
-0.02460145577788353
0.006956758908927441
0.050134241580963135
0.0
0.0
0.0
1.0
1671779296624058496
-0.02550070732831955
0.007327566854655743
0.06507399678230286
0.0
0.0
0.0
1.0
1671779296724052608
-0.026384154334664345
0.007668756414204836
0.07750729471445084
0.0
0.0
0.0
1.0
1671779296824051584
-0.02711034007370472
0.007945086807012558
0.08718956261873245
0.0
0.0
0.0
1.0
1671779296924051072
-0.02776818536221981
0.008187830448150635
0.09424714744091034
0.0
0.0
0.0
1.0
1671779297025050304
-0.02836470492184162
0.00846631545573473
0.0990033969283104
0.0
0.0
0.0
1.0
1671779297124050048
-0.028904516249895096
0.008750015869736671
0.10067372024059296
0.0
0.0
0.0
1.0
1671779297224042368
-0.029407372698187828
0.008993486873805523
0.10049034655094147
0.0
0.0
0.0
1.0
1671779297325041856
-0.02971162460744381
0.009097868576645851
0.09883302450180054
0.0
0.0
0.0
1.0
1671779297424041344
-0.029697125777602196
0.009032213129103184
0.09500931948423386
0.0
0.0
0.0
1.0
1671779297524041088
-0.02938992716372013
0.008827729150652885
0.09040184319019318
0.0
0.0
0.0
1.0
1671779297624041088
-0.028895894065499306
0.0085078040137887
0.0847126692533493
0.0
0.0
0.0
1.0
1671779297724036992
-0.02834075503051281
0.008094544522464275
0.07833521068096161
0.0
0.0
0.0
1.0
1671779297825039040
-0.02782420814037323
0.007697206921875477
0.07150328904390335
0.0
0.0
0.0
1.0
1671779297924037504
-0.02742309495806694
0.0074138278141617775
0.0640370324254036
0.0
0.0
0.0
1.0
1671779298024036992
-0.02722405456006527
0.0073045045137405396
0.05640486255288124
0.0
0.0
0.0
1.0
1671779298124036992
-0.027208175510168076
0.007374896667897701
0.04866994544863701
0.0
0.0
0.0
1.0
1671779298224036992
-0.027346570044755936
0.007572941482067108
0.04093850404024124
0.0
0.0
0.0
1.0
1671779298324036736
-0.027530735358595848
0.007820075377821922
0.03340241685509682
0.0
0.0
0.0
1.0
1671779298424035712
-0.02774573490023613
0.008071799762547016
0.026066597551107407
0.0
0.0
0.0
1.0
1671779298524035712
-0.027936670929193497
0.008306892588734627
0.01902886852622032
0.0
0.0
0.0
1.0
1671779298624035712
-0.02809273824095726
0.008484556339681149
0.012365979142487049
0.0
0.0
0.0
1.0
1671779298724031872
-0.028191864490509033
0.008618024177849293
0.006135721690952778
0.0
0.0
0.0
1.0
1671779298824031104
-0.028246523812413216
0.00871802493929863
0.000406753271818161
0.0
0.0
0.0
1.0
1671779298924030592
-0.028219418600201607
0.008779778145253658
-0.004829009994864464
0.0
0.0
0.0
1.0
1671779299024030336
-0.028178008273243904
0.008767535910010338
-0.009563018567860126
0.0
0.0
0.0
1.0
1671779299124030336
-0.02810918353497982
0.00870764534920454
-0.013761592097580433
0.0
0.0
0.0
1.0
1671779299224030592
-0.027972334995865822
0.008606861345469952
-0.017447730526328087
0.0
0.0
0.0
1.0
1671779299323030592
-0.027827689424157143
0.0084996921941638
-0.02063525840640068
0.0
0.0
0.0
1.0
1671779299423030592
-0.02772338315844536
0.008429291658103466
-0.02329811453819275
0.0
0.0
0.0
1.0
1671779299523030336
-0.0276646725833416
0.008375546894967556
-0.02555769868195057
0.0
0.0
0.0
1.0
1671779299623030080
-0.027680106461048126
0.00838063657283783
-0.027456656098365784
0.0
0.0
0.0
1.0
1671779299724029824
-0.02773561328649521
0.008442944847047329
-0.029028000310063362
0.0
0.0
0.0
1.0
1671779299823027008
-0.027812136337161064
0.008522845804691315
-0.030231904238462448
0.0
0.0
0.0
1.0
1671779299923026240
-0.02787291444838047
0.008588870987296104
-0.031032947823405266
0.0
0.0
0.0
1.0
1671779300023025984
-0.02795693278312683
0.008649023249745369
-0.03154987096786499
0.0
0.0
0.0
1.0
1671779300123026240
-0.028084129095077515
0.00875774398446083
-0.03176111355423927
0.0
0.0
0.0
1.0
1671779300226026240
-0.02821105718612671
0.008899679407477379
-0.03185810148715973
0.0
0.0
0.0
1.0
1671779300325026240
-0.028338519856333733
0.009080703370273113
-0.03169951215386391
0.0
0.0
0.0
1.0
1671779300424026240
-0.028461366891860962
0.009289308451116085
-0.031270623207092285
0.0
0.0
0.0
1.0
1671779300524026240
-0.02856009267270565
0.009452983736991882
-0.03078649938106537
0.0
0.0
0.0
1.0
1671779300624026240
-0.028628697618842125
0.009556200355291367
-0.030176399275660515
0.0
0.0
0.0
1.0
1671779300724026240
-0.028686046600341797
0.00961393304169178
-0.02943224459886551
0.0
0.0
0.0
1.0
1671779300824026240
-0.028727946802973747
0.009657226502895355
-0.028654830530285835
0.0
0.0
0.0
1.0
1671779300924026240
-0.028751838952302933
0.009657741524279118
-0.02786346711218357
0.0
0.0
0.0
1.0
1671779301024025984
-0.028701715171337128
0.00961626973003149
-0.027034563943743706
0.0
0.0
0.0
1.0
1671779301124025984
-0.028593339025974274
0.009572431445121765
-0.026109276339411736
0.0
0.0
0.0
1.0
1671779301224025728
-0.02845258265733719
0.009533331729471684
-0.025149688124656677
0.0
0.0
0.0
1.0
1671779301325025984
-0.0282483771443367
0.009435332380235195
-0.02424722909927368
0.0
0.0
0.0
1.0
1671779301424025984
-0.028049014508724213
0.009312910959124565
-0.023163629695773125
0.0
0.0
0.0
1.0
1671779301524025984
-0.02788231521844864
0.009199808351695538
-0.022132476791739464
0.0
0.0
0.0
1.0
1671779301624025472
-0.027743853628635406
0.009075075387954712
-0.021096426993608475
0.0
0.0
0.0
1.0
1671779301724025216
-0.027634119614958763
0.008939070627093315
-0.02005860023200512
0.0
0.0
0.0
1.0
1671779301824024704
-0.027591614052653313
0.008804712444543839
-0.01904013380408287
0.0
0.0
0.0
1.0
1671779301924024704
-0.027611592784523964
0.008673662319779396
-0.01804300956428051
0.0
0.0
0.0
1.0
1671779302024020096
-0.02770320139825344
0.008546890690922737
-0.017153022810816765
0.0
0.0
0.0
1.0
1671779302124019584
-0.027844395488500595
0.008422673679888248
-0.016315452754497528
0.0
0.0
0.0
1.0
1671779302224018048
-0.027959875762462616
0.008312536403536797
-0.015529054217040539
0.0
0.0
0.0
1.0
1671779302324017536
-0.0280163437128067
0.008203213103115559
-0.014771277084946632
0.0
0.0
0.0
1.0
1671779302424017536
-0.028050323948264122
0.008134211413562298
-0.014094410464167595
0.0
0.0
0.0
1.0
1671779302524012160
-0.028104811906814575
0.008096873760223389
-0.013447771780192852
0.0
0.0
0.0
1.0
1671779302624012160
-0.028133461251854897
0.008060790598392487
-0.01281006820499897
0.0
0.0
0.0
1.0
1671779302725011648
-0.02813941426575184
0.007986652664840221
-0.012251588515937328
0.0
0.0
0.0
1.0
1671779302824011392
-0.028129372745752335
0.007915567606687546
-0.011630331166088581
0.0
0.0
0.0
1.0
1671779302924011392
-0.028117870911955833
0.007859532721340656
-0.011084089986979961
0.0
0.0
0.0
1.0
1671779303024009344
-0.02807506173849106
0.00773644121363759
-0.010555124841630459
0.0
0.0
0.0
1.0
1671779303124009088
-0.028000960126519203
0.007602082099765539
-0.010082141496241093
0.0
0.0
0.0
1.0
1671779303224008832
-0.027862094342708588
0.007434208411723375
-0.009610681794583797
0.0
0.0
0.0
1.0
1671779303323008320
-0.027675198391079903
0.007278510369360447
-0.00919082760810852
0.0
0.0
0.0
1.0
1671779303423998592
-0.027455192059278488
0.007131279446184635
-0.008794877678155899
0.0
0.0
0.0
1.0
1671779303522998336
-0.027271628379821777
0.00701759522780776
-0.008441421203315258
0.0
0.0
0.0
1.0
1671779303622997824
-0.02714661695063114
0.006972957402467728
-0.008124229498207569
0.0
0.0
0.0
1.0
1671779303722997568
-0.02706664428114891
0.00698999036103487
-0.007875331677496433
0.0
0.0
0.0
1.0
1671779303823997568
-0.027056751772761345
0.007044387981295586
-0.0076649677939713
0.0
0.0
0.0
1.0
1671779303922993216
-0.027089787647128105
0.007132905535399914
-0.007497801445424557
0.0
0.0
0.0
1.0
1671779304022992960
-0.027133915573358536
0.007217672653496265
-0.007350773084908724
0.0
0.0
0.0
1.0
1671779304122992448
-0.027213217690587044
0.007296229247003794
-0.007234836928546429
0.0
0.0
0.0
1.0
1671779304224991936
-0.02732548676431179
0.007396676577627659
-0.007215065881609917
0.0
0.0
0.0
1.0
1671779304324991168
-0.0274438988417387
0.007487458176910877
-0.007212787866592407
0.0
0.0
0.0
1.0
1671779304423991168
-0.02757124789059162
0.007549617439508438
-0.007132191210985184
0.0
0.0
0.0
1.0
1671779304522990656
-0.0277324877679348
0.007587147876620293
-0.007090681232511997
0.0
0.0
0.0
1.0
1671779304622990144
-0.027920503169298172
0.0076231020502746105
-0.007013870868831873
0.0
0.0
0.0
1.0
1671779304722989376
-0.028162842616438866
0.0077120717614889145
-0.0069519998505711555
0.0
0.0
0.0
1.0
1671779304822988352
-0.028394775465130806
0.007803444284945726
-0.006868133787065744
0.0
0.0
0.0
1.0
1671779304923988352
-0.02859996259212494
0.007913205772638321
-0.006810163613408804
0.0
0.0
0.0
1.0
1671779305023987584
-0.02877783216536045
0.00804428942501545
-0.006752325221896172
0.0
0.0
0.0
1.0
1671779305123987072
-0.02892342396080494
0.008175723254680634
-0.006650150287896395
0.0
0.0
0.0
1.0
1671779305224986816
-0.029047362506389618
0.0082985395565629
-0.006562262307852507
0.0
0.0
0.0
1.0
1671779305325986816
-0.02911940962076187
0.008412187919020653
-0.006448955275118351
0.0
0.0
0.0
1.0
1671779305424986816
-0.029187222942709923
0.008515975438058376
-0.006295911967754364
0.0
0.0
0.0
1.0
1671779305523986304
-0.02919190190732479
0.008567697368562222
-0.006075920071452856
0.0
0.0
0.0
1.0
1671779305623984512
-0.029184924438595772
0.00860784575343132
-0.0058723087422549725
0.0
0.0
0.0
1.0
1671779305723984000
-0.02916543558239937
0.008656120859086514
-0.005697404965758324
0.0
0.0
0.0
1.0
1671779305823984000
-0.029113510623574257
0.008657206781208515
-0.005517847836017609
0.0
0.0
0.0
1.0
1671779305923984000
-0.029074396938085556
0.008627431467175484
-0.005326605401933193
0.0
0.0
0.0
1.0
1671779306023977088
-0.029029984027147293
0.008612980134785175
-0.005124998744577169
0.0
0.0
0.0
1.0
1671779306124974272
-0.028997357934713364
0.008636224083602428
-0.004964663181453943
0.0
0.0
0.0
1.0
1671779306223973760
-0.028964737430214882
0.008676445111632347
-0.004726196173578501
0.0
0.0
0.0
1.0
1671779306324973248
-0.028970371931791306
0.008727536536753178
-0.004570996388792992
0.0
0.0
0.0
1.0
1671779306423972736
-0.0289827361702919
0.008755254559218884
-0.004391837399452925
0.0
0.0
0.0
1.0
1671779306523971712
-0.028955550864338875
0.008742913603782654
-0.004255002364516258
0.0
0.0
0.0
1.0
1671779306624963008
-0.028825923800468445
0.008674432523548603
-0.004134535789489746
0.0
0.0
0.0
1.0
1671779306723964288
-0.02864719182252884
0.008584936149418354
-0.003920205868780613
0.0
0.0
0.0
1.0
1671779306823963264
-0.028439028188586235
0.008481195196509361
-0.003715162631124258
0.0
0.0
0.0
1.0
1671779306923962752
-0.028224654495716095
0.008392339572310448
-0.0034940331242978573
0.0
0.0
0.0
1.0
1671779307023962752
-0.028016185387969017
0.008338747546076775
-0.0032761464826762676
0.0
0.0
0.0
1.0
1671779307123962240
-0.02782125398516655
0.00832870602607727
-0.003092446131631732
0.0
0.0
0.0
1.0
1671779307223961472
-0.027641888707876205
0.008367972448468208
-0.0029161658603698015
0.0
0.0
0.0
1.0
1671779307322960704
-0.02747623808681965
0.00844795722514391
-0.0027894016820937395
0.0
0.0
0.0
1.0
1671779307422960192
-0.02736041508615017
0.008572454564273357
-0.0027322813402861357
0.0
0.0
0.0
1.0
1671779307522959680
-0.02724650129675865
0.00866715144366026
-0.002742788987234235
0.0
0.0
0.0
1.0
1671779307622958912
-0.02718702331185341
0.008723818697035313
-0.002785294782370329
0.0
0.0
0.0
1.0
1671779307722958912
-0.027157459408044815
0.008764299564063549
-0.0028704216238111258
0.0
0.0
0.0
1.0
1671779307823958912
-0.027154909446835518
0.008799496106803417
-0.0030410774052143097
0.0
0.0
0.0
1.0
1671779307922955072
-0.027099546045064926
0.008824151009321213
-0.0032864026725292206
0.0
0.0
0.0
1.0
1671779308023951232
-0.026989644393324852
0.008821585215628147
-0.0035733820404857397
0.0
0.0
0.0
1.0
1671779308123950720
-0.02686748467385769
0.008778045885264874
-0.0038852894213050604
0.0
0.0
0.0
1.0
1671779308223950720
-0.026693910360336304
0.008676738478243351
-0.004217220935970545
0.0
0.0
0.0
1.0
1671779308323950208
-0.026503564789891243
0.00853461492806673
-0.00450855353847146
0.0
0.0
0.0
1.0
1671779308424949696
-0.026336098089814186
0.008378044702112675
-0.004806685261428356
0.0
0.0
0.0
1.0
1671779308523947648
-0.02620227262377739
0.008211364969611168
-0.0050132558681070805
0.0
0.0
0.0
1.0
1671779308623947392
-0.026079043745994568
0.0080652991309762
-0.005240465980023146
0.0
0.0
0.0
1.0
1671779308723945344
-0.02592644654214382
0.00791192427277565
-0.005471561104059219
0.0
0.0
0.0
1.0
1671779308823944576
-0.025728749111294746
0.007759228814393282
-0.005682673305273056
0.0
0.0
0.0
1.0
1671779308923947904
-0.02551540546119213
0.007635446265339851
-0.0058440351858735085
0.0
0.0
0.0
1.0
1671779309023947904
-0.025288183242082596
0.007534032687544823
-0.005985320080071688
0.0
0.0
0.0
1.0
1671779309123947904
-0.025065885856747627
0.007438795641064644
-0.006118631921708584
0.0
0.0
0.0
1.0
1671779309223947904
-0.024840522557497025
0.007369578815996647
-0.006241666153073311
0.0
0.0
0.0
1.0
1671779309325943808
-0.024634629487991333
0.007319625001400709
-0.006394625641405582
0.0
0.0
0.0
1.0
1671779309424942784
-0.024461597204208374
0.007257874123752117
-0.006515312474220991
0.0
0.0
0.0
1.0
1671779309523942528
-0.024293716996908188
0.007212535943835974
-0.006578043568879366
0.0
0.0
0.0
1.0
1671779309623942016
-0.024149375036358833
0.00719117745757103
-0.006669564172625542
0.0
0.0
0.0
1.0
1671779309724941504
-0.024034347385168076
0.007163183763623238
-0.006733783986419439
0.0
0.0
0.0
1.0
1671779309823940736
-0.02395790070295334
0.00712951784953475
-0.0067282989621162415
0.0
0.0
0.0
1.0
1671779309923940480
-0.023925159126520157
0.007103559095412493
-0.006742140743881464
0.0
0.0
0.0
1.0
1671779310023939968
-0.02392526902258396
0.007096972316503525
-0.006740140728652477
0.0
0.0
0.0
1.0
1671779310123939456
-0.023950237780809402
0.007120050955563784
-0.006703133229166269
0.0
0.0
0.0
1.0
1671779310223939200
-0.02394772879779339
0.0071473559364676476
-0.006609645206481218
0.0
0.0
0.0
1.0
1671779310323929984
-0.023954149335622787
0.007201069034636021
-0.006517552770674229
0.0
0.0
0.0
1.0
1671779310423929984
-0.02400234341621399
0.0073007638566195965
-0.006425739265978336
0.0
0.0
0.0
1.0
1671779310523929984
-0.024115292355418205
0.007428201846778393
-0.006332465447485447
0.0
0.0
0.0
1.0
1671779310623929472
-0.024275021627545357
0.007552009541541338
-0.006255914457142353
0.0
0.0
0.0
1.0
1671779310724925632
-0.024493103846907616
0.007700104266405106
-0.0062276143580675125
0.0
0.0
0.0
1.0
1671779310822924864
-0.024766946211457253
0.00784006156027317
-0.006143528968095779
0.0
0.0
0.0
1.0
1671779310922924352
-0.025075146928429604
0.007946893572807312
-0.006055142264813185
0.0
0.0
0.0
1.0
1671779311022923840
-0.025346869602799416
0.008010175079107285
-0.005970494356006384
0.0
0.0
0.0
1.0
1671779311122923840
-0.025614308193325996
0.008064611814916134
-0.005897115916013718
0.0
0.0
0.0
1.0
1671779311224923584
-0.02586171217262745
0.00804523378610611
-0.005845156032592058
0.0
0.0
0.0
1.0
1671779311322923840
-0.026107070967555046
0.007996225729584694
-0.005764995235949755
0.0
0.0
0.0
1.0
1671779311422923584
-0.02635890245437622
0.007943950593471527
-0.005693175829946995
0.0
0.0
0.0
1.0
1671779311524923072
-0.026581566780805588
0.007901540026068687
-0.005646754987537861
0.0
0.0
0.0
1.0
1671779311624922816
-0.026743153110146523
0.007822006940841675
-0.005566935986280441
0.0
0.0
0.0
1.0
1671779311722922560
-0.026849132031202316
0.007713195402175188
-0.00547616183757782
0.0
0.0
0.0
1.0
1671779311822922304
-0.026922646909952164
0.007619046606123447
-0.005456244107335806
0.0
0.0
0.0
1.0
1671779311922922304
-0.02698620595037937
0.007555746473371983
-0.0054544187150895596
0.0
0.0
0.0
1.0
1671779312022922304
-0.027065688744187355
0.00753829488530755
-0.005450264550745487
0.0
0.0
0.0
1.0
1671779312123922304
-0.027108117938041687
0.007537417579442263
-0.005456735845655203
0.0
0.0
0.0
1.0
1671779312223917696
-0.027086429297924042
0.0075337267480790615
-0.005476260092109442
0.0
0.0
0.0
1.0
1671779312324917184
-0.026996096596121788
0.007530990522354841
-0.005499850958585739
0.0
0.0
0.0
1.0
1671779312423917184
-0.026824109256267548
0.007523366715759039
-0.0054390388540923595
0.0
0.0
0.0
1.0
1671779312523919488
-0.026589684188365936
0.007522666826844215
-0.00542787229642272
0.0
0.0
0.0
1.0
1671779312623918976
-0.026359006762504578
0.007519843056797981
-0.005376321263611317
0.0
0.0
0.0
1.0
1671779312723916928
-0.02613195776939392
0.007486364338546991
-0.005305179860442877
0.0
0.0
0.0
1.0
1671779312824918720
-0.02590816840529442
0.0074622007086873055
-0.005229971371591091
0.0
0.0
0.0
1.0
1671779312923918208
-0.02574307657778263
0.007461898494511843
-0.005133224185556173
0.0
0.0
0.0
1.0
1671779313023917696
-0.025622332468628883
0.007445222698152065
-0.005060846451669931
0.0
0.0
0.0
1.0
1671779313123917184
-0.025528917089104652
0.007416115142405033
-0.004975839052349329
0.0
0.0
0.0
1.0
1671779313223915136
-0.02548520267009735
0.007363282609730959
-0.004874263424426317
0.0
0.0
0.0
1.0
1671779313325914880
-0.025425763800740242
0.007329646963626146
-0.004843682050704956
0.0
0.0
0.0
1.0
1671779313423914880
-0.02538944035768509
0.007341958116739988
-0.0047698854468762875
0.0
0.0
0.0
1.0
1671779313523905408
-0.025305932387709618
0.007363765500485897
-0.004733365960419178
0.0
0.0
0.0
1.0
1671779313623905152
-0.025224700570106506
0.007337922230362892
-0.004691102541983128
0.0
0.0
0.0
1.0
1671779313723904896
-0.02510765939950943
0.007270363625138998
-0.004669224377721548
0.0
0.0
0.0
1.0
1671779313822904384
-0.024996062740683556
0.007236456498503685
-0.004655934404581785
0.0
0.0
0.0
1.0
1671779313922904384
-0.02488045021891594
0.007220208644866943
-0.004646961111575365
0.0
0.0
0.0
1.0
1671779314022904128
-0.02475806139409542
0.0072123524732887745
-0.004609096795320511
0.0
0.0
0.0
1.0
1671779314122903872
-0.02465554140508175
0.007237477693706751
-0.004571781028062105
0.0
0.0
0.0
1.0
1671779314222903360
-0.024578996002674103
0.007284339051693678
-0.004498956259340048
0.0
0.0
0.0
1.0
1671779314322903104
-0.02452005445957184
0.00732421875
-0.004393797367811203
0.0
0.0
0.0
1.0
1671779314422902592
-0.024428876116871834
0.007337830029428005
-0.004260636866092682
0.0
0.0
0.0
1.0
1671779314525902592
-0.02427786774933338
0.0073426333256065845
-0.00411877641454339
0.0
0.0
0.0
1.0
1671779314622902080
-0.024157309904694557
0.007340278476476669
-0.0039734491147100925
0.0
0.0
0.0
1.0
1671779314725892864
-0.024037590250372887
0.0073468806222081184
-0.003895994508638978
0.0
0.0
0.0
1.0
1671779314822889024
-0.02397521771490574
0.007415880914777517
-0.0037988158874213696
0.0
0.0
0.0
1.0
1671779314923886976
-0.023954596370458603
0.0075258598662912846
-0.0037650300655514
0.0
0.0
0.0
1.0
1671779315023886464
-0.023971762508153915
0.007637044880539179
-0.0037378317210823298
0.0
0.0
0.0
1.0
1671779315123885952
-0.02405010350048542
0.007749001029878855
-0.0037210597656667233
0.0
0.0
0.0
1.0
1671779315223885440
-0.02417340874671936
0.0078315120190382
-0.0036854457575827837
0.0
0.0
0.0
1.0
1671779315325885440
-0.02428489737212658
0.007892942987382412
-0.0036742279771715403
0.0
0.0
0.0
1.0
1671779315424884928
-0.024372804909944534
0.00796645786613226
-0.0036436154041439295
0.0
0.0
0.0
1.0
1671779315523884928
-0.024427996948361397
0.0079997219145298
-0.0035642972216010094
0.0
0.0
0.0
1.0
1671779315623884672
-0.02446829527616501
0.008047197014093399
-0.0035241921432316303
0.0
0.0
0.0
1.0
1671779315725884160
-0.02453150600194931
0.008122383616864681
-0.00352510460652411
0.0
0.0
0.0
1.0
1671779315823884160
-0.02461179532110691
0.008217778988182545
-0.0034983947407454252
0.0
0.0
0.0
1.0
1671779315924883904
-0.024719925597310066
0.008325392380356789
-0.0035163136199116707
0.0
0.0
0.0
1.0
1671779316023883392
-0.02486494742333889
0.008434056304395199
-0.003524651750922203
0.0
0.0
0.0
1.0
1671779316123881344
-0.02502281218767166
0.008538241498172283
-0.003561617573723197
0.0
0.0
0.0
1.0
1671779316223883904
-0.02514643967151642
0.008603486232459545
-0.0036051301285624504
0.0
0.0
0.0
1.0
1671779316325882112
-0.0252100620418787
0.00856082420796156
-0.00366705353371799
0.0
0.0
0.0
1.0
1671779316423882112
-0.025237655267119408
0.00847578700631857
-0.0036665787920355797
0.0
0.0
0.0
1.0
1671779316523881856
-0.025267934426665306
0.00841139629483223
-0.003697180189192295
0.0
0.0
0.0
1.0
1671779316623880064
-0.025326667353510857
0.008373348042368889
-0.003752045566216111
0.0
0.0
0.0
1.0
1671779316723879552
-0.025396429002285004
0.008361337706446648
-0.003837411757558584
0.0
0.0
0.0
1.0
1671779316823879552
-0.025460420176386833
0.008365514688193798
-0.00395934097468853
0.0
0.0
0.0
1.0
1671779316923879040
-0.025555839762091637
0.008398371748626232
-0.004078536760061979
0.0
0.0
0.0
1.0
1671779317023878528
-0.025682222098112106
0.008465513586997986
-0.004159895237535238
0.0
0.0
0.0
1.0
1671779317123878016
-0.025786584243178368
0.008510729297995567
-0.004193532280623913
0.0
0.0
0.0
1.0
1671779317223877760
-0.025920340791344643
0.008556640706956387
-0.004198173061013222
0.0
0.0
0.0
1.0
1671779317323877504
-0.026067212224006653
0.008578750304877758
-0.004181853495538235
0.0
0.0
0.0
1.0
1671779317423878784
-0.026170959696173668
0.008558767847716808
-0.004134809132665396
0.0
0.0
0.0
1.0
1671779317522876480
-0.026233823969960213
0.008489149622619152
-0.004072295967489481
0.0
0.0
0.0
1.0
1671779317622875968
-0.02627258189022541
0.00839974544942379
-0.003976639360189438
0.0
0.0
0.0
1.0
1671779317722875712
-0.026323985308408737
0.008298235014081001
-0.003879336640238762
0.0
0.0
0.0
1.0
1671779317822875200
-0.026389598846435547
0.008186263032257557
-0.003802622202783823
0.0
0.0
0.0
1.0
1671779317922866496
-0.026477761566638947
0.008050937205553055
-0.0037165696267038584
0.0
0.0
0.0
1.0
1671779318024866496
-0.026564091444015503
0.007898207753896713
-0.0036644740030169487
0.0
0.0
0.0
1.0
1671779318122866240
-0.026686402037739754
0.007763373199850321
-0.003607130376622081
0.0
0.0
0.0
1.0
1671779318222865984
-0.026814907789230347
0.007636158261448145
-0.0035920427180826664
0.0
0.0
0.0
1.0
1671779318323866240
-0.026950130239129066
0.007532215211540461
-0.0035848093684762716
0.0
0.0
0.0
1.0
1671779318424858048
-0.027089765295386314
0.007418554741889238
-0.003614618442952633
0.0
0.0
0.0
1.0
1671779318522858048
-0.027228770777583122
0.007294105365872383
-0.003598045092076063
0.0
0.0
0.0
1.0
1671779318622858048
-0.027403291314840317
0.007180414162576199
-0.003605225123465061
0.0
0.0
0.0
1.0
1671779318722858048
-0.027548061683773994
0.007078518625348806
-0.0036044218577444553
0.0
0.0
0.0
1.0
1671779318825858048
-0.027662700042128563
0.006946979556232691
-0.003616068512201309
0.0
0.0
0.0
1.0
1671779318922856512
-0.02772284857928753
0.006860647350549698
-0.0035740314051508904
0.0
0.0
0.0
1.0
1671779319022856512
-0.02776985801756382
0.0067970966920256615
-0.0035710257943719625
0.0
0.0
0.0
1.0
1671779319123856768
-0.027839643880724907
0.00675937719643116
-0.003615419613197446
0.0
0.0
0.0
1.0
1671779319223856768
-0.027909711003303528
0.006746599916368723
-0.00365300290286541
0.0
0.0
0.0
1.0
1671779319325856768
-0.02799176797270775
0.006760215852409601
-0.0036869847681373358
0.0
0.0
0.0
1.0
1671779319423856768
-0.028014235198497772
0.0068036592565476894
-0.00366426189430058
0.0
0.0
0.0
1.0
1671779319523855232
-0.027997363358736038
0.006839573383331299
-0.003658102359622717
0.0
0.0
0.0
1.0
1671779319623855232
-0.027898354455828667
0.006848963908851147
-0.0036613675765693188
0.0
0.0
0.0
1.0
1671779319723853696
-0.02775888331234455
0.0068609025329351425
-0.0036628979723900557
0.0
0.0
0.0
1.0
1671779319823853696
-0.02764401212334633
0.006908609997481108
-0.003657114924862981
0.0
0.0
0.0
1.0
1671779319923849856
-0.027541618794202805
0.007015956100076437
-0.003690815530717373
0.0
0.0
0.0
1.0
1671779320023849600
-0.027426104992628098
0.0071278950199484825
-0.003741723718121648
0.0
0.0
0.0
1.0
1671779320123849344
-0.027262696996331215
0.007284795865416527
-0.0037860695738345385
0.0
0.0
0.0
1.0
1671779320223847808
-0.02705712430179119
0.007439046166837215
-0.00381091539748013
0.0
0.0
0.0
1.0
1671779320323847552
-0.026845639571547508
0.007634893991053104
-0.0038223701994866133
0.0
0.0
0.0
1.0
1671779320423850368
-0.02660287357866764
0.007841896265745163
-0.0038198449183255434
0.0
0.0
0.0
1.0
1671779320523851136
-0.02640044130384922
0.008040407672524452
-0.0038323288317769766
0.0
0.0
0.0
1.0
1671779320624846016
-0.02619190886616707
0.00822006817907095
-0.0038670292124152184
0.0
0.0
0.0
1.0
1671779320723845760
-0.026009168475866318
0.008375546894967556
-0.0038317423313856125
0.0
0.0
0.0
1.0
1671779320823845760
-0.02587128058075905
0.008519372902810574
-0.0038318841252475977
0.0
0.0
0.0
1.0
1671779320923845504
-0.025774408131837845
0.008643735200166702
-0.003816219512373209
0.0
0.0
0.0
1.0
1671779321023845504
-0.02569199725985527
0.00875520333647728
-0.0038055034819990396
0.0
0.0
0.0
1.0
1671779321123840384
-0.025606485083699226
0.00884928647428751
-0.003802044317126274
0.0
0.0
0.0
1.0
1671779321223839872
-0.0255429744720459
0.008926857262849808
-0.0037958405446261168
0.0
0.0
0.0
1.0
1671779321323839616
-0.025530921295285225
0.00899669248610735
-0.0038009178824722767
0.0
0.0
0.0
1.0
1671779321422839616
-0.025550328195095062
0.009024685248732567
-0.0038097959477454424
0.0
0.0
0.0
1.0
1671779321523839616
-0.025581322610378265
0.009043981321156025
-0.0038276941049844027
0.0
0.0
0.0
1.0
1671779321622838848
-0.025577453896403313
0.009086648002266884
-0.0038186293095350266
0.0
0.0
0.0
1.0
1671779321722838592
-0.025576099753379822
0.009161911904811859
-0.003770228708162904
0.0
0.0
0.0
1.0
1671779321822838080
-0.025597700849175453
0.009269123896956444
-0.0037133460864424706
0.0
0.0
0.0
1.0
1671779321922837824
-0.025608260184526443
0.009349822998046875
-0.0036643347702920437
0.0
0.0
0.0
1.0
1671779322023837568
-0.02555748261511326
0.009413721971213818
-0.003602810902521014
0.0
0.0
0.0
1.0
1671779322122835264
-0.02550431527197361
0.009464189410209656
-0.0035498784855008125
0.0
0.0
0.0
1.0
1671779322222835520
-0.025454523041844368
0.00949973613023758
-0.003512876806780696
0.0
0.0
0.0
1.0
1671779322322835520
-0.025415631011128426
0.009522360749542713
-0.0034826179035007954
0.0
0.0
0.0
1.0
1671779322422835520
-0.025424573570489883
0.00957897026091814
-0.003486531088128686
0.0
0.0
0.0
1.0
1671779322525829888
-0.025445330888032913
0.009637809358537197
-0.0035076576750725508
0.0
0.0
0.0
1.0
1671779322622829376
-0.02542884089052677
0.009735737927258015
-0.0034691384062170982
0.0
0.0
0.0
1.0
1671779322722829120
-0.025411350652575493
0.009846404194831848
-0.003446062095463276
0.0
0.0
0.0
1.0
1671779322822828096
-0.02542123943567276
0.009945409372448921
-0.0034183168318122625
0.0
0.0
0.0
1.0
1671779322923828096
-0.02543541043996811
0.010018480010330677
-0.0034188677091151476
0.0
0.0
0.0
1.0
1671779323023822976
-0.02550242654979229
0.010077028535306454
-0.0034337469842284918
0.0
0.0
0.0
1.0
1671779323124822720
-0.025572694838047028
0.010083936154842377
-0.003450228599831462
0.0
0.0
0.0
1.0
1671779323222822464
-0.025680437684059143
0.010045762173831463
-0.0034095647279173136
0.0
0.0
0.0
1.0
1671779323322822208
-0.025801394134759903
0.009980822913348675
-0.003356558969244361
0.0
0.0
0.0
1.0
1671779323425822208
-0.025916924700140953
0.009888069704174995
-0.0033264204394072294
0.0
0.0
0.0
1.0
1671779323522822208
-0.026030847802758217
0.009777046740055084
-0.0032733974512666464
0.0
0.0
0.0
1.0
1671779323622821952
-0.026153061538934708
0.00964114349335432
-0.003223959356546402
0.0
0.0
0.0
1.0
1671779323722821696
-0.026234690099954605
0.009491360746324062
-0.0031576044857501984
0.0
0.0
0.0
1.0
1671779323822821184
-0.026325145736336708
0.009332770481705666
-0.0030617888551205397
0.0
0.0
0.0
1.0
1671779323922821184
-0.026424970477819443
0.009163247421383858
-0.00297909090295434
0.0
0.0
0.0
1.0
1671779324024820928
-0.026525530964136124
0.009003235027194023
-0.0029203826561570168
0.0
0.0
0.0
1.0
1671779324124820672
-0.02663673460483551
0.008836236782371998
-0.0028707189485430717
0.0
0.0
0.0
1.0
1671779324224820160
-0.026802605018019676
0.008662758395075798
-0.0028514722362160683
0.0
0.0
0.0
1.0
1671779324323819904
-0.026988714933395386
0.008521986193954945
-0.0028196251951158047
0.0
0.0
0.0
1.0
1671779324423819904
-0.02712356671690941
0.008384358137845993
-0.002811343874782324
0.0
0.0
0.0
1.0
1671779324523819648
-0.027207644656300545
0.008228801190853119
-0.0027865616139024496
0.0
0.0
0.0
1.0
1671779324623819392
-0.02728992886841297
0.008078639395534992
-0.0027643409557640553
0.0
0.0
0.0
1.0
1671779324723818880
-0.02740023098886013
0.00795632041990757
-0.002767574042081833
0.0
0.0
0.0
1.0
1671779324825818112
-0.027483860030770302
0.00787206832319498
-0.0027764306869357824
0.0
0.0
0.0
1.0
1671779324923818112
-0.02757435292005539
0.007820557802915573
-0.0027554978150874376
0.0
0.0
0.0
1.0
1671779325023817856
-0.027692848816514015
0.00778591213747859
-0.0027458062395453453
0.0
0.0
0.0
1.0
1671779325123817600
-0.02780080959200859
0.007803795859217644
-0.002742605283856392
0.0
0.0
0.0
1.0
1671779325223817344
-0.027921495959162712
0.007883590646088123
-0.0027277956251055002
0.0
0.0
0.0
1.0
1671779325324816832
-0.028044871985912323
0.007994718849658966
-0.0027276170440018177
0.0
0.0
0.0
1.0
1671779325423816832
-0.028159448876976967
0.008132103830575943
-0.0026867706328630447
0.0
0.0
0.0
1.0
1671779325523816576
-0.028224704787135124
0.00824003480374813
-0.0026600409764796495
0.0
0.0
0.0
1.0
1671779325623814784
-0.028304729610681534
0.008302820846438408
-0.002625456778332591
0.0
0.0
0.0
1.0
1671779325723814272
-0.02840406261384487
0.008349157869815826
-0.002599101047962904
0.0
0.0
0.0
1.0
1671779325824811968
-0.028467772528529167
0.008397949859499931
-0.002612040378153324
0.0
0.0
0.0
1.0
1671779325923809920
-0.028476640582084656
0.008415781892836094
-0.002594621619209647
0.0
0.0
0.0
1.0
1671779326023807872
-0.028491094708442688
0.008399423211812973
-0.0026002731174230576
0.0
0.0
0.0
1.0
1671779326123807872
-0.02854713797569275
0.008414853364229202
-0.002573231002315879
0.0
0.0
0.0
1.0
1671779326223807616
-0.028639182448387146
0.008439851924777031
-0.0025648879818618298
0.0
0.0
0.0
1.0
1671779326324807104
-0.028785163536667824
0.008452585898339748
-0.0025563817471265793
0.0
0.0
0.0
1.0
1671779326423805056
-0.028913265094161034
0.008463123813271523
-0.0024835322983562946
0.0
0.0
0.0
1.0
1671779326523803264
-0.029049813747406006
0.008504783734679222
-0.0024541723541915417
0.0
0.0
0.0
1.0
1671779326623802752
-0.02917521446943283
0.008533344604074955
-0.0024454749654978514
0.0
0.0
0.0
1.0
1671779326723802752
-0.029301725327968597
0.008585811592638493
-0.002485936973243952
0.0
0.0
0.0
1.0
